Integral of linear spline of cos(x) from 0 to 2pi: -0.00180583


0 1
0.2 0.980067
0.4 0.921061
0.6 0.825336
0.8 0.696707
1 0.540302
1.2 0.362358
1.4 0.169967
1.6 -0.0291995
1.8 -0.227202
2 -0.416147
2.2 -0.588501
2.4 -0.737394
2.6 -0.856889
2.8 -0.942222
3 -0.989992
3.2 -0.998295
3.4 -0.966798
3.6 -0.896758
3.8 -0.790968
4 -0.653644
4.2 -0.490261
4.4 -0.307333
4.6 -0.112153
4.8 0.087499
5 0.283662
5.2 0.468517
5.4 0.634693
5.6 0.775566
5.8 0.88552
6 0.96017
6.2 0.996542
6.4 0.993185
6.6 0.950233
6.8 0.869397
7 0.753902
7.2 0.608351
7.4 0.438547
7.6 0.25126
7.8 0.0539554
8 -0.1455
8.2 -0.339155
8.4 -0.519289
8.6 -0.67872
8.8 -0.811093
9 -0.91113
9.2 -0.974844
9.4 -0.999693
9.6 -0.984688
9.8 -0.930426


0 1
0.25 0.965315
0.5 0.873198
0.75 0.728864
1 0.540302
1.25 0.31426
1.5 0.0703838
1.75 -0.177701
2 -0.416147
2.25 -0.625724
2.5 -0.797141
2.75 -0.920889
3 -0.989992
3.25 -0.990421
3.5 -0.931778
3.75 -0.817415
4 -0.653644
4.25 -0.444529
4.5 -0.209743
4.75 0.0375861
5 0.283662
5.25 0.510061
5.5 0.705129
5.75 0.858031
6 0.96017
6.25 0.995703
6.5 0.971709
6.75 0.889606
7 0.753902
7.25 0.5659
7.5 0.344904
7.75 0.103282
8 -0.1455
8.25 -0.384188
8.5 -0.599004
8.75 -0.778
9 -0.91113
