Integral of linear spline of cos(x) from 0 to 2pi: -0.117178


0 1
1 0.540302
2 -0.416147
3 -0.989992
4 -0.653644
5 0.283662
6 0.96017
7 0.753902
8 -0.1455
9 -0.91113


0 1
0.25 0.885076
0.5 0.770151
0.75 0.655227
1 0.540302
1.25 0.30119
1.5 0.0620777
1.75 -0.177035
2 -0.416147
2.25 -0.559608
2.5 -0.70307
2.75 -0.846531
3 -0.989992
3.25 -0.905905
3.5 -0.821818
3.75 -0.737731
4 -0.653644
4.25 -0.419317
4.5 -0.184991
4.75 0.0493357
5 0.283662
5.25 0.452789
5.5 0.621916
5.75 0.791043
6 0.96017
6.25 0.908603
6.5 0.857036
6.75 0.805469
7 0.753902
7.25 0.529052
7.5 0.304201
7.75 0.0793505
8 -0.1455
8.25 -0.336908
8.5 -0.528315
8.75 -0.719723
9 -0.91113
