Linear spline:
Integral of linear spline of cos(x) from 0 to 2pi: 0.00773497 expected approx: 0
Integral of linear spline of cos(x) from 0 to 0.5: 0.442538 expected exactly: 0.442538 by explicit calcualtion
Integral of linear spline of cos(x) from 0 to 9: 0.377189

Quadratic spline:
Coefficients for constant function f(x) = 1:
b = ( 0 0 0 0 0 0 0 0 0 )
c = ( 0 0 0 0 0 0 0 0 0 )
Expected b_i = 0, c_i = 0 for all i

Coefficients for linear function f(x) = x:
b = ( 1 1 1 1 1 1 1 1 1 )
c = ( 0 0 0 0 0 0 0 0 0 )
Expected b_i = 1, c_i = 0 for all i

Coefficients for quadratic function f(x) = x^2:
b = ( 1 1 5 5 9 9 13 13 17 )
c = ( 0 2 0 2 0 2 0 2 0 )
Expected b = [1,1,5,5,9,9,...] and c = [0,2,0,2,...]
D = ( 2 4 4 4 4 4 4 4 2 )
B = ( -1.37909 -4.24844 -4.59088 -0.71249 3.82096 4.84144 1.41072 -3.31701 -2.69821 )
Q = ( 1 1 1 1 1 1 1 1 )
Dtilde = ( 2 3.5 3.71429 3.73077 3.73196 3.73204 3.73205 3.73205 1.73205 )
Btilde = ( -1.37909 -3.55889 -3.57406 0.249756 3.75402 3.83553 0.382991 -3.41963 -1.78192 )
b = ( -0.313437 -0.752218 -0.92613 -0.134144 0.750218 0.954237 0.274277 -0.640624 -1.02879 )


0 1
1 0.540302
2 -0.416147
3 -0.989992
4 -0.653644
5 0.283662
6 0.96017
7 0.753902
8 -0.1455
9 -0.91113


0 1
0.125 0.960535
0.25 0.919355
0.375 0.874748
0.5 0.824999
0.625 0.768394
0.75 0.703218
0.875 0.627759
1 0.540302
1.125 0.439877
1.25 0.328489
1.375 0.208886
1.5 0.0838168
1.625 -0.0439696
1.75 -0.171725
1.875 -0.2967
2 -0.416147
2.125 -0.527604
2.25 -0.629759
2.375 -0.721589
2.5 -0.802068
2.625 -0.870172
2.75 -0.924877
2.875 -0.965159
3 -0.989992
3.125 -0.998635
3.25 -0.991469
3.375 -0.969157
3.5 -0.932363
3.625 -0.881752
3.75 -0.817986
3.875 -0.741728
4 -0.653644
4.125 -0.554617
4.25 -0.44642
4.375 -0.331047
4.5 -0.210493
4.625 -0.0867509
4.75 0.0381851
4.875 0.162321
5 0.283662
5.125 0.400304
5.25 0.510699
5.375 0.613388
5.5 0.706911
5.625 0.78981
5.75 0.860626
5.875 0.917899
6 0.96017
6.125 0.986315
6.25 0.99654
6.375 0.991388
6.5 0.971399
6.625 0.937115
6.75 0.889076
6.875 0.827825
7 0.753902
7.125 0.668012
7.25 0.571507
7.375 0.465905
7.5 0.352722
7.625 0.233473
7.75 0.109676
7.875 -0.0171538
8 -0.1455
8.125 -0.276857
8.25 -0.409804
8.375 -0.538452
8.5 -0.656914
8.625 -0.759301
8.75 -0.839725
8.875 -0.892298
9 -0.91113


0 -0.313437
0.125 -0.320293
0.25 -0.340861
0.375 -0.375141
0.5 -0.423133
0.625 -0.484836
0.75 -0.560252
0.875 -0.649379
1 -0.752218
1.125 -0.850919
1.25 -0.92763
1.375 -0.982353
1.5 -1.01509
1.625 -1.02583
1.75 -1.01459
1.875 -0.981353
2 -0.92613
2.125 -0.855816
2.25 -0.777306
2.375 -0.6906
2.5 -0.5957
2.625 -0.492604
2.75 -0.381313
2.875 -0.261826
3 -0.134144
3.125 -0.00501932
3.25 0.118797
3.375 0.237305
3.5 0.350505
3.625 0.458396
3.75 0.560978
3.875 0.658252
4 0.750218
4.125 0.831553
4.25 0.896936
4.375 0.946367
4.5 0.979845
4.625 0.997371
4.75 0.998945
4.875 0.984567
5 0.954237
5.125 0.910094
5.25 0.854279
5.375 0.786793
5.5 0.707634
5.625 0.616803
5.75 0.5143
5.875 0.400124
6 0.274277
6.125 0.144759
6.25 0.0195704
6.375 -0.101288
6.5 -0.217815
6.625 -0.330013
6.75 -0.43788
6.875 -0.541417
7 -0.640624
7.125 -0.731601
7.25 -0.810447
7.375 -0.877164
7.5 -0.93175
7.625 -0.974205
7.75 -1.00453
7.875 -1.02273
8 -1.02879
8.125 -1.06507
8.25 -1.05423
8.375 -0.996293
8.5 -0.891247
8.625 -0.739095
8.75 -0.539837
8.875 -0.293472
9 4.44089e-16


0 0
0.125 0.122542
0.25 0.240062
0.375 0.352238
0.5 0.458535
0.625 0.558202
0.75 0.650276
0.875 0.733578
1 0.806716
1.125 0.868392
1.25 0.918514
1.375 0.957599
1.5 0.986505
1.625 1.00643
1.75 1.01893
1.875 1.02589
2 1.02955
2.125 0.970298
2.25 0.896654
2.375 0.808805
2.5 0.707073
2.625 0.591905
2.75 0.463877
2.875 0.323695
3 0.172189
3.125 0.0473884
3.25 -0.0795565
3.375 -0.20877
3.5 -0.34046
3.625 -0.474917
3.75 -0.612513
3.875 -0.753705
4 -0.899032
4.125 -0.974887
4.25 -1.03916
4.375 -1.09224
4.5 -1.13474
4.625 -1.16752
4.75 -1.19173
4.875 -1.20871
5 -1.22011
5.125 -1.1772
5.25 -1.11949
5.375 -1.04725
5.5 -0.96094
5.625 -0.861192
5.75 -0.748828
5.875 -0.624853
6 -0.490451
6.125 -0.368284
6.25 -0.241792
6.375 -0.110874
6.5 0.0246406
6.625 0.164987
6.75 0.310471
6.875 0.461464
7 0.618405
7.125 0.707646
7.25 0.786987
7.375 0.856714
7.5 0.9173
7.625 0.969408
7.75 1.01389
7.875 1.05179
8 1.08434
8.125 1.05815
8.25 1.01631
8.375 0.959927
8.5 0.890845
8.625 0.811637
8.75 0.725616
8.875 0.63683
9 0.550064
