Linear spline:
Integral of linear spline of cos(x) from 0 to 2pi: 0.00773497 expected approx: 0
Integral of linear spline of cos(x) from 0 to 0.5: 0.442538 expected exactly: 0.442538 by explicit calcualtion
Integral of linear spline of cos(x) from 0 to 9: 0.377189

Quadratic spline:
Coefficients for constant function f(x) = 1:
b = ( 0 0 0 0 0 0 0 0 0 )
c = ( 0 0 0 0 0 0 0 0 0 )
Expected b_i = 0, c_i = 0 for all i

Coefficients for linear function f(x) = x:
b = ( 1 1 1 1 1 1 1 1 1 )
c = ( 0 0 0 0 0 0 0 0 0 )
Expected b_i = 1, c_i = 0 for all i

Coefficients for quadratic function f(x) = x^2:
b = ( 1 1 5 5 9 9 13 13 17 )
c = ( 0 2 0 2 0 2 0 2 0 )
Expected b = [1,1,5,5,9,9,...] and c = [0,2,0,2,...]


0 1
1 0.540302
2 -0.416147
3 -0.989992
4 -0.653644
5 0.283662
6 0.96017
7 0.753902
8 -0.1455
9 -0.91113


0 1
0.125 0.942538
0.25 0.885076
0.375 0.827613
0.5 0.770151
0.625 0.712689
0.75 0.655227
0.875 0.597765
1 0.540302
1.125 0.475078
1.25 0.394331
1.375 0.29806
1.5 0.186266
1.625 0.0589477
1.75 -0.0838937
1.875 -0.242259
2 -0.416147
2.125 -0.584057
2.25 -0.724487
2.375 -0.837438
2.5 -0.922908
2.625 -0.980899
2.75 -1.01141
2.875 -1.01444
3 -0.989992
3.125 -0.951322
3.25 -0.911688
3.375 -0.87109
3.5 -0.829528
3.625 -0.787002
3.75 -0.743513
3.875 -0.69906
4 -0.653644
4.125 -0.598837
4.25 -0.526214
4.375 -0.435775
4.5 -0.32752
4.625 -0.201449
4.75 -0.0575613
4.875 0.104142
5 0.283662
5.125 0.459107
5.25 0.608586
5.375 0.732098
5.5 0.829645
5.625 0.901225
5.75 0.94684
5.875 0.966488
6 0.96017
6.125 0.940059
6.25 0.918327
6.375 0.894975
6.5 0.870002
6.625 0.843408
6.75 0.815193
6.875 0.785358
7 0.753902
7.125 0.711616
7.25 0.64929
7.375 0.566925
7.5 0.464519
7.625 0.342074
7.75 0.199589
7.875 0.0370645
8 -0.1455
8.125 -0.325974
8.25 -0.482229
8.375 -0.614263
8.5 -0.722076
8.625 -0.80567
8.75 -0.865044
8.875 -0.900197
9 -0.91113


0 -0.459698
0.125 -0.459698
0.25 -0.459698
0.375 -0.459698
0.5 -0.459698
0.625 -0.459698
0.75 -0.459698
0.875 -0.459698
1 -0.459698
1.125 -0.583886
1.25 -0.708073
1.375 -0.832261
1.5 -0.956449
1.625 -1.08064
1.75 -1.20482
1.875 -1.32901
2 -1.4532
2.125 -1.23336
2.25 -1.01352
2.375 -0.793684
2.5 -0.573846
2.625 -0.354007
2.75 -0.134168
2.875 0.0856705
3 0.305509
3.125 0.313219
3.25 0.320929
3.375 0.328639
3.5 0.336349
3.625 0.344059
3.75 0.351769
3.875 0.359479
4 0.367188
4.125 0.509718
4.25 0.652247
4.375 0.794776
4.5 0.937306
4.625 1.07984
4.75 1.22236
4.875 1.36489
5 1.50742
5.125 1.29969
5.25 1.09197
5.375 0.884237
5.5 0.676508
5.625 0.468779
5.75 0.261051
5.875 0.0533218
6 -0.154407
6.125 -0.167372
6.25 -0.180337
6.375 -0.193303
6.5 -0.206268
6.625 -0.219233
6.75 -0.232199
6.875 -0.245164
7 -0.258129
7.125 -0.418447
7.25 -0.578766
7.375 -0.739084
7.5 -0.899402
7.625 -1.05972
7.75 -1.22004
7.875 -1.38036
8 -1.54068
8.125 -1.34691
8.25 -1.15315
8.375 -0.959392
8.5 -0.76563
8.625 -0.571869
8.75 -0.378108
8.875 -0.184346
9 0.00941498


0 0
0.125 0.121409
0.25 0.235634
0.375 0.342678
0.5 0.442538
0.625 0.535215
0.75 0.62071
0.875 0.699022
1 0.770151
1.125 0.833774
1.25 0.888274
1.375 0.93171
1.5 0.962142
1.625 0.97763
1.75 0.976232
1.875 0.956009
2 0.915021
2.125 0.852222
2.25 0.770152
2.375 0.672245
2.5 0.561937
2.625 0.442663
2.75 0.317857
2.875 0.190955
3 0.065392
3.125 -0.0559502
3.25 -0.172398
3.375 -0.283832
3.5 -0.390131
3.625 -0.491174
3.75 -0.586841
3.875 -0.677012
4 -0.761566
4.125 -0.840032
4.25 -0.910533
4.375 -0.970843
4.5 -1.01873
4.625 -1.05198
4.75 -1.06835
4.875 -1.06563
5 -1.04158
5.125 -0.994883
5.25 -0.927881
5.375 -0.843818
5.5 -0.745939
5.625 -0.637489
5.75 -0.521714
5.875 -0.401861
6 -0.281174
6.125 -0.162393
6.25 -0.046227
6.375 0.0671213
6.5 0.177449
6.625 0.284554
6.75 0.388234
6.875 0.488285
7 0.584506
7.125 0.676309
7.25 0.761575
7.375 0.837797
7.5 0.902471
7.625 0.953092
7.75 0.987154
7.875 1.00215
8 0.995586
8.125 0.965866
8.25 0.915101
8.375 0.846318
8.5 0.762545
8.625 0.666808
8.75 0.562136
8.875 0.451556
9 0.338096
