-4 -1
-3.875 -1
-3.75 -1
-3.625 -1
-3.5 -0.999999
-3.375 -0.999998
-3.25 -0.999996
-3.125 -0.99999
-3 -0.999978
-2.875 -0.999952
-2.75 -0.999899
-2.625 -0.999795
-2.5 -0.999593
-2.375 -0.999217
-2.25 -0.998537
-2.125 -0.997346
-2 -0.995322
-1.875 -0.99199
-1.75 -0.986672
-1.625 -0.978444
-1.5 -0.966105
-1.375 -0.94817
-1.25 -0.9229
-1.125 -0.888388
-1 -0.842701
-0.875 -0.784075
-0.75 -0.711156
-0.625 -0.623241
-0.5 -0.5205
-0.375 -0.404117
-0.25 -0.276326
-0.125 -0.140316
0 0
0.125 0.140316
0.25 0.276326
0.375 0.404117
0.5 0.5205
0.625 0.623241
0.75 0.711156
0.875 0.784075
1 0.842701
1.125 0.888388
1.25 0.9229
1.375 0.94817
1.5 0.966105
1.625 0.978444
1.75 0.986672
1.875 0.99199
2 0.995322
2.125 0.997346
2.25 0.998537
2.375 0.999217
2.5 0.999593
2.625 0.999795
2.75 0.999899
2.875 0.999952
3 0.999978
3.125 0.99999
3.25 0.999996
3.375 0.999998
3.5 0.999999
3.625 1
3.75 1
3.875 1
4 1


-4.99219 -1.08108
-4.97656 -0.370377
-4.96094 -0.228577
-4.94531 -0.168063
-4.92969 -0.134656
-4.91406 -0.113582
-4.89844 -0.0991572
-4.88281 -0.0887318
-4.86719 -0.0809027
-4.85156 -0.0748586
-4.83594 -0.0700978
-4.82031 -0.0662937
-4.80469 -0.063225
-4.78906 -0.0607367
-4.77344 -0.0587171
-4.75781 -0.0570841
-4.74219 -0.0557765
-4.72656 -0.0547476
-4.71094 -0.0539617
-4.69531 -0.0533915
-4.67969 -0.0530158
-4.66406 -0.0528184
-4.64844 -0.0527871
-4.63281 -0.0529131
-4.61719 -0.05319
-4.60156 -0.0536142
-4.58594 -0.0541838
-4.57031 -0.0548992
-4.55469 -0.0557624
-4.53906 -0.0567772
-4.52344 -0.0579494
-4.50781 -0.0592864
-4.49219 -0.0607978
-4.47656 -0.0624952
-4.46094 -0.0643927
-4.44531 -0.0665072
-4.42969 -0.0688585
-4.41406 -0.0714702
-4.39844 -0.07437
-4.38281 -0.0775908
-4.36719 -0.0811716
-4.35156 -0.0851588
-4.33594 -0.0896077
-4.32031 -0.094585
-4.30469 -0.100172
-4.28906 -0.106467
-4.27344 -0.113591
-4.25781 -0.121697
-4.24219 -0.130977
-4.22656 -0.141674
-4.21094 -0.154106
-4.19531 -0.168694
-4.17969 -0.186004
-4.16406 -0.206819
-4.14844 -0.232253
-4.13281 -0.263945
-4.11719 -0.304408
-4.10156 -0.357705
-4.08594 -0.430854
-4.07031 -0.537114
-4.05469 -0.704896
-4.03906 -1.00808
-4.02344 -1.71757
-4.00781 -5.27144
-3.99219 5.39696
-3.97656 1.84321
-3.96094 1.13396
-3.94531 0.831124
-3.92969 0.663814
-3.91406 0.558148
-3.89844 0.485715
-3.88281 0.433261
-3.86719 0.393769
-3.85156 0.363181
-3.83594 0.338989
-3.82031 0.319556
-3.80469 0.303777
-3.78906 0.290872
-3.77344 0.280282
-3.75781 0.271596
-3.74219 0.264503
-3.72656 0.258768
-3.71094 0.25421
-3.69531 0.25069
-3.67969 0.248097
-3.66406 0.246348
-3.64844 0.245378
-3.63281 0.245136
-3.61719 0.245588
-3.60156 0.246709
-3.58594 0.248484
-3.57031 0.250906
-3.55469 0.25398
-3.53906 0.257715
-3.52344 0.26213
-3.50781 0.267252
-3.49219 0.273115
-3.47656 0.279764
-3.46094 0.287252
-3.44531 0.295645
-3.42969 0.305022
-3.41406 0.315474
-3.39844 0.327112
-3.38281 0.340066
-3.36719 0.354492
-3.35156 0.370574
-3.33594 0.388533
-3.32031 0.408637
-3.30469 0.431208
-3.28906 0.456642
-3.27344 0.485425
-3.25781 0.518165
-3.24219 0.555628
-3.22656 0.598793
-3.21094 0.648932
-3.19531 0.707724
-3.17969 0.777438
-3.16406 0.861207
-3.14844 0.963486
-3.13281 1.09083
-3.11719 1.25331
-3.10156 1.46715
-3.08594 1.76044
-3.07031 2.18622
-3.05469 2.85813
-3.03906 4.0717
-3.02344 6.91052
-3.00781 21.1269
-2.99219 -21.5457
-2.97656 -7.32963
-2.96094 -4.49153
-2.94531 -3.27905
-2.92969 -2.60858
-2.91406 -2.18463
-2.89844 -1.89353
-2.88281 -1.68227
-2.86719 -1.52278
-2.85156 -1.39882
-2.83594 -1.30034
-2.82031 -1.22081
-2.80469 -1.15577
-2.78906 -1.10213
-2.77344 -1.05763
-2.75781 -1.02061
-2.74219 -0.989818
-2.72656 -0.964314
-2.71094 -0.943358
-2.69531 -0.926377
-2.67969 -0.91292
-2.66406 -0.902635
-2.64844 -0.895245
-2.63281 -0.890534
-2.61719 -0.888339
-2.60156 -0.888538
-2.58594 -0.891047
-2.57031 -0.895815
-2.55469 -0.90282
-2.53906 -0.912071
-2.52344 -0.9236
-2.50781 -0.93747
-2.49219 -0.953769
-2.47656 -0.972616
-2.46094 -0.994161
-2.44531 -1.01859
-2.42969 -1.04613
-2.41406 -1.07705
-2.39844 -1.11167
-2.38281 -1.15038
-2.36719 -1.19364
-2.35156 -1.242
-2.33594 -1.29612
-2.32031 -1.3568
-2.30469 -1.42501
-2.28906 -1.50192
-2.27344 -1.58901
-2.25781 -1.68808
-2.24219 -1.80145
-2.22656 -1.93204
-2.21094 -2.08368
-2.19531 -2.2614
-2.17969 -2.47201
-2.16406 -2.72491
-2.14844 -3.03348
-2.13281 -3.41738
-2.11719 -3.90679
-2.10156 -4.55046
-2.08594 -5.43262
-2.07031 -6.71238
-2.05469 -8.73071
-2.03906 -12.3742
-2.02344 -20.8935
-2.00781 -63.5459
-1.99219 64.4688
-1.97656 21.8171
-1.96094 13.2991
-1.94531 9.65781
-1.92969 7.64233
-1.91406 6.36614
-1.89844 5.48828
-1.88281 4.84967
-1.86719 4.36609
-1.85156 3.98881
-1.83594 3.68768
-1.82031 3.44305
-1.80469 3.24159
-1.78906 3.07391
-1.77344 2.93326
-1.75781 2.81464
-1.74219 2.71427
-1.72656 2.62926
-1.71094 2.55739
-1.69531 2.49688
-1.67969 2.44634
-1.66406 2.40468
-1.64844 2.371
-1.63281 2.34461
-1.61719 2.32495
-1.60156 2.31159
-1.58594 2.30419
-1.57031 2.30252
-1.55469 2.30642
-1.53906 2.3158
-1.52344 2.33065
-1.50781 2.351
-1.49219 2.37697
-1.47656 2.40874
-1.46094 2.44657
-1.44531 2.49077
-1.42969 2.54177
-1.41406 2.60006
-1.39844 2.66627
-1.38281 2.74114
-1.36719 2.82557
-1.35156 2.92064
-1.33594 3.02766
-1.32031 3.14821
-1.30469 3.2842
-1.28906 3.438
-1.27344 3.61251
-1.25781 3.81138
-1.24219 4.03919
-1.22656 4.30181
-1.21094 4.60688
-1.19531 4.96448
-1.17969 5.38821
-1.16406 5.89688
-1.14844 6.51724
-1.13281 7.28863
-1.11719 8.2714
-1.10156 9.56308
-1.08594 11.3321
-1.07031 13.8967
-1.05469 17.9389
-1.03906 25.2317
-1.02344 42.2767
-1.00781 127.588
-0.992188 -128.434
-0.976562 -43.1228
-0.960938 -26.0788
-0.945312 -18.7875
-0.929688 -14.7473
-0.914062 -12.1852
-0.898438 -10.4192
-0.882812 -9.13102
-0.867188 -8.15231
-0.851562 -7.38553
-0.835938 -6.77035
-0.820312 -6.26743
-0.804688 -5.85005
-0.789062 -5.49942
-0.773438 -5.20196
-0.757812 -4.94761
-0.742188 -4.72876
-0.726562 -4.53959
-0.710938 -4.37553
-0.695312 -4.23298
-0.679688 -4.10909
-0.664062 -4.00153
-0.648438 -3.90845
-0.632812 -3.82831
-0.617188 -3.75988
-0.601562 -3.70215
-0.585938 -3.6543
-0.570312 -3.61568
-0.554688 -3.58577
-0.539062 -3.56417
-0.523438 -3.55059
-0.507812 -3.54486
-0.492188 -3.54689
-0.476562 -3.55666
-0.460938 -3.57428
-0.445312 -3.59994
-0.429688 -3.63393
-0.414062 -3.67665
-0.398438 -3.72861
-0.382812 -3.79048
-0.367188 -3.86308
-0.351562 -3.94743
-0.335938 -4.04477
-0.320312 -4.15661
-0.304688 -4.28485
-0.289062 -4.43179
-0.273438 -4.60031
-0.257812 -4.794
-0.242188 -5.01743
-0.226562 -5.27644
-0.210938 -5.57865
-0.195312 -5.9341
-0.179688 -6.3564
-0.164062 -6.86434
-0.148438 -7.48464
-0.132812 -8.25665
-0.117188 -9.24071
-0.101562 -10.5343
-0.0859375 -12.306
-0.0703125 -14.8738
-0.0546875 -18.9199
-0.0390625 -26.2173
-0.0234375 -43.2676
-0.0078125 -128.585
0.0078125 127.43
0.0234375 42.1121
0.0390625 25.0601
0.0546875 17.76
0.0703125 13.7104
0.0859375 11.138
0.101562 9.36096
0.117188 8.06097
0.132812 7.06958
0.148438 6.28924
0.164062 5.65959
0.179688 5.14125
0.195312 4.70746
0.210938 4.33939
0.226562 4.02339
0.242188 3.74936
0.257812 3.50963
0.273438 3.29829
0.289062 3.11073
0.304688 2.94325
0.320312 2.7929
0.335938 2.65727
0.351562 2.53438
0.367188 2.4226
0.382812 2.32055
0.398438 2.22707
0.414062 2.14119
0.429688 2.06207
0.445312 1.98898
0.460938 1.92131
0.476562 1.85851
0.492188 1.80013
0.507812 1.74573
0.523438 1.69497
0.539062 1.64752
0.554688 1.6031
0.570312 1.56146
0.585938 1.52236
0.601562 1.48562
0.617188 1.45104
0.632812 1.41848
0.648438 1.38777
0.664062 1.35879
0.679688 1.33142
0.695312 1.30554
0.710938 1.28106
0.726562 1.2579
0.742188 1.23595
0.757812 1.21516
0.773438 1.19544
0.789062 1.17675
0.804688 1.159
0.820312 1.14217
0.835938 1.12618
0.851562 1.111
0.867188 1.09659
0.882812 1.0829
0.898438 1.06989
0.914062 1.05754
0.929688 1.04582
0.945312 1.03468
0.960938 1.02411
0.976562 1.01408
0.992188 1.00457
1.00781 0.99555
1.02344 0.987003
1.03906 0.97891
1.05469 0.971251
1.07031 0.964011
1.08594 0.957173
1.10156 0.950723
1.11719 0.944645
1.13281 0.938928
1.14844 0.933559
1.16406 0.928526
1.17969 0.923819
1.19531 0.919426
1.21094 0.91534
1.22656 0.91155
1.24219 0.908048
1.25781 0.904826
1.27344 0.901877
1.28906 0.899194
1.30469 0.89677
1.32031 0.894599
1.33594 0.892676
1.35156 0.890994
1.36719 0.889549
1.38281 0.888336
1.39844 0.88735
1.41406 0.886588
1.42969 0.886045
1.44531 0.885718
1.46094 0.885603
1.47656 0.885698
1.49219 0.886
1.50781 0.886505
1.52344 0.887211
1.53906 0.888117
1.55469 0.88922
1.57031 0.890518
1.58594 0.892009
1.60156 0.893692
1.61719 0.895566
1.63281 0.89763
1.64844 0.899881
1.66406 0.902321
1.67969 0.904947
1.69531 0.907759
1.71094 0.910757
1.72656 0.91394
1.74219 0.917309
1.75781 0.920863
1.77344 0.924602
1.78906 0.928526
1.80469 0.932636
1.82031 0.936933
1.83594 0.941416
1.85156 0.946087
1.86719 0.950946
1.88281 0.955993
1.89844 0.961232
1.91406 0.966661
1.92969 0.972283
1.94531 0.978098
1.96094 0.984109
1.97656 0.990316
1.99219 0.996722
2.00781 1.00333
2.02344 1.01014
2.03906 1.01715
2.05469 1.02437
2.07031 1.03179
2.08594 1.03943
2.10156 1.04728
2.11719 1.05535
2.13281 1.06363
2.14844 1.07213
2.16406 1.08086
2.17969 1.08982
2.19531 1.099
2.21094 1.10842
2.22656 1.11807
2.24219 1.12797
2.25781 1.1381
2.27344 1.14848
2.28906 1.15912
2.30469 1.17001
2.32031 1.18115
2.33594 1.19256
2.35156 1.20423
2.36719 1.21618
2.38281 1.2284
2.39844 1.2409
2.41406 1.25369
2.42969 1.26677
2.44531 1.28014
2.46094 1.29381
2.47656 1.30779
2.49219 1.32208
2.50781 1.33668
2.52344 1.35161
2.53906 1.36687
2.55469 1.38246
2.57031 1.39839
2.58594 1.41467
2.60156 1.4313
2.61719 1.4483
2.63281 1.46566
2.64844 1.4834
2.66406 1.50152
2.67969 1.52003
2.69531 1.53893
2.71094 1.55825
2.72656 1.57797
2.74219 1.59812
2.75781 1.6187
2.77344 1.63972
2.78906 1.66119
2.80469 1.68312
2.82031 1.70551
2.83594 1.72838
2.85156 1.75174
2.86719 1.77559
2.88281 1.79996
2.89844 1.82484
2.91406 1.85025
2.92969 1.8762
2.94531 1.90271
2.96094 1.92978
2.97656 1.95742
2.99219 1.98566
3.00781 2.01449
3.02344 2.04395
3.03906 2.07403
3.05469 2.10475
3.07031 2.13613
3.08594 2.16819
3.10156 2.20093
3.11719 2.23437
3.13281 2.26852
3.14844 2.30341
3.16406 2.33905
3.17969 2.37546
3.19531 2.41265
3.21094 2.45065
3.22656 2.48946
3.24219 2.52911
3.25781 2.56962
3.27344 2.61101
3.28906 2.65329
3.30469 2.6965
3.32031 2.74064
3.33594 2.78574
3.35156 2.83183
3.36719 2.87893
3.38281 2.92705
3.39844 2.97623
3.41406 3.02649
3.42969 3.07785
3.44531 3.13034
3.46094 3.18399
3.47656 3.23882
3.49219 3.29487
3.50781 3.35215
3.52344 3.41071
3.53906 3.47056
3.55469 3.53175
3.57031 3.5943
3.58594 3.65825
3.60156 3.72363
3.61719 3.79047
3.63281 3.85881
3.64844 3.92869
3.66406 4.00014
3.67969 4.0732
3.69531 4.14791
3.71094 4.22431
3.72656 4.30245
3.74219 4.38236
3.75781 4.46408
3.77344 4.54767
3.78906 4.63317
3.80469 4.72062
3.82031 4.81007
3.83594 4.90158
3.85156 4.99519
3.86719 5.09096
3.88281 5.18894
3.89844 5.28918
3.91406 5.39174
3.92969 5.49668
3.94531 5.60406
3.96094 5.71395
3.97656 5.82639
3.99219 5.94146
4.00781 6.05922
4.02344 6.17975
4.03906 6.3031
4.05469 6.42936
4.07031 6.5586
4.08594 6.69089
4.10156 6.82631
4.11719 6.96494
4.13281 7.10686
4.14844 7.25215
4.16406 7.40091
4.17969 7.55322
4.19531 7.70918
4.21094 7.86887
4.22656 8.03239
4.24219 8.19985
4.25781 8.37134
4.27344 8.54697
4.28906 8.72685
4.30469 8.91108
4.32031 9.09978
4.33594 9.29307
4.35156 9.49106
4.36719 9.69388
4.38281 9.90166
4.39844 10.1145
4.41406 10.3326
4.42969 10.5561
4.44531 10.785
4.46094 11.0196
4.47656 11.26
4.49219 11.5063
4.50781 11.7587
4.52344 12.0174
4.53906 12.2825
4.55469 12.5543
4.57031 12.8328
4.58594 13.1183
4.60156 13.4109
4.61719 13.7108
4.63281 14.0183
4.64844 14.3336
4.66406 14.6568
4.67969 14.9881
4.69531 15.3278
4.71094 15.6762
4.72656 16.0333
4.74219 16.3996
4.75781 16.7752
4.77344 17.1603
4.78906 17.5554
4.80469 17.9605
4.82031 18.376
4.83594 18.8022
4.85156 19.2393
4.86719 19.6877
4.88281 20.1477
4.89844 20.6195
4.91406 21.1036
4.92969 21.6002
4.94531 22.1098
4.96094 22.6326
4.97656 23.169
4.99219 23.7194
5.00781 24.2842
5.02344 24.8638
5.03906 25.4586
5.05469 26.0691
5.07031 26.6956
5.08594 27.3386
5.10156 27.9985
5.11719 28.6759
5.13281 29.3713
5.14844 30.0851
5.16406 30.8179
5.17969 31.5701
5.19531 32.3424
5.21094 33.1353
5.22656 33.9494
5.24219 34.7853
5.25781 35.6436
5.27344 36.5249
5.28906 37.43
5.30469 38.3594
5.32031 39.3139
5.33594 40.2942
5.35156 41.3009
5.36719 42.335
5.38281 43.3971
5.39844 44.4881
5.41406 45.6088
5.42969 46.76
5.44531 47.9427
5.46094 49.1577
5.47656 50.4059
5.49219 51.6884
5.50781 53.0061
5.52344 54.36
5.53906 55.7512
5.55469 57.1808
5.57031 58.6498
5.58594 60.1595
5.60156 61.711
5.61719 63.3055
5.63281 64.9443
5.64844 66.6287
5.66406 68.36
5.67969 70.1396
5.69531 71.9689
5.71094 73.8494
5.72656 75.7826
5.74219 77.77
5.75781 79.8132
5.77344 81.9138
5.78906 84.0737
5.80469 86.2945
5.82031 88.578
5.83594 90.9261
5.85156 93.3406
5.86719 95.8237
5.88281 98.3773
5.89844 101.003
5.91406 103.704
5.92969 106.482
5.94531 109.34
5.96094 112.279
5.97656 115.302
5.99219 118.412
6.00781 121.611
6.02344 124.902
6.03906 128.288
6.05469 131.771
6.07031 135.355
6.08594 139.042
6.10156 142.836
6.11719 146.74
6.13281 150.757
6.14844 154.891
6.16406 159.145
6.17969 163.523
6.19531 168.029


0.015625 4.15006
0.03125 3.44849
0.046875 3.03498
0.0625 2.73963
0.078125 2.50919
0.09375 2.31993
0.109375 2.15919
0.125 2.01942
0.140625 1.89573
0.15625 1.7848
0.171875 1.68425
0.1875 1.59231
0.203125 1.50766
0.21875 1.42925
0.234375 1.35626
0.25 1.28802
0.265625 1.22399
0.28125 1.16371
0.296875 1.1068
0.3125 1.05295
0.328125 1.00187
0.34375 0.953333
0.359375 0.907127
0.375 0.863074
0.390625 0.821015
0.40625 0.78081
0.421875 0.742334
0.4375 0.705476
0.453125 0.670136
0.46875 0.636224
0.484375 0.603658
0.5 0.572365
0.515625 0.542277
0.53125 0.513333
0.546875 0.485476
0.5625 0.458655
0.578125 0.432823
0.59375 0.407934
0.609375 0.383949
0.625 0.360829
0.640625 0.338541
0.65625 0.31705
0.671875 0.296326
0.6875 0.276341
0.703125 0.257068
0.71875 0.238483
0.734375 0.220561
0.75 0.203281
0.765625 0.186621
0.78125 0.170563
0.796875 0.155087
0.8125 0.140175
0.828125 0.125812
0.84375 0.111982
0.859375 0.0986685
0.875 0.0858587
0.890625 0.0735386
0.90625 0.0616954
0.921875 0.0503167
0.9375 0.0393909
0.953125 0.0289068
0.96875 0.0188537
0.984375 0.00922133
1 -1.09351e-08
1.01562 -0.00881972
1.03125 -0.0172468
1.04688 -0.0252898
1.0625 -0.0329571
1.07812 -0.0402566
1.09375 -0.0471959
1.10938 -0.0537824
1.125 -0.0600232
1.14062 -0.065925
1.15625 -0.0714945
1.17188 -0.076738
1.1875 -0.0816616
1.20312 -0.0862712
1.21875 -0.0905724
1.23438 -0.0945709
1.25 -0.0982718
1.26562 -0.10168
1.28125 -0.104802
1.29688 -0.107641
1.3125 -0.110201
1.32812 -0.112489
1.34375 -0.114508
1.35938 -0.116262
1.375 -0.117755
1.39062 -0.118992
1.40625 -0.119977
1.42188 -0.120712
1.4375 -0.121202
1.45312 -0.121451
1.46875 -0.121462
1.48438 -0.121238
1.5 -0.120782
1.51562 -0.120099
1.53125 -0.11919
1.54688 -0.118059
1.5625 -0.116709
1.57812 -0.115142
1.59375 -0.113363
1.60938 -0.111372
1.625 -0.109174
1.64062 -0.10677
1.65625 -0.104164
1.67188 -0.101357
1.6875 -0.0983524
1.70312 -0.0951521
1.71875 -0.0917587
1.73438 -0.0881743
1.75 -0.0844011
1.76562 -0.0804415
1.78125 -0.0762973
1.79688 -0.0719709
1.8125 -0.0674641
1.82812 -0.0627789
1.84375 -0.0579174
1.85938 -0.0528814
1.875 -0.0476727
1.89062 -0.0422932
1.90625 -0.0367447
1.92188 -0.0310289
1.9375 -0.0251476
1.95312 -0.0191024
1.96875 -0.012895
1.98438 -0.00652703
2 -1.09351e-08
2.01562 0.00668447
2.03125 0.0135249
2.04688 0.0205197
2.0625 0.0276675
2.07812 0.0349668
2.09375 0.0424162
2.10938 0.0500144
2.125 0.0577598
2.14062 0.0656513
2.15625 0.0736875
2.17188 0.081867
2.1875 0.0901887
2.20312 0.0986512
2.21875 0.107253
2.23438 0.115994
2.25 0.124872
2.26562 0.133886
2.28125 0.143034
2.29688 0.152317
2.3125 0.161732
2.32812 0.171279
2.34375 0.180956
2.35938 0.190763
2.375 0.200698
2.39062 0.210761
2.40625 0.22095
2.42188 0.231264
2.4375 0.241703
2.45312 0.252265
2.46875 0.26295
2.48438 0.273756
2.5 0.284683
2.51562 0.295729
2.53125 0.306895
2.54688 0.318178
2.5625 0.329578
2.57812 0.341095
2.59375 0.352727
2.60938 0.364473
2.625 0.376334
2.64062 0.388307
2.65625 0.400392
2.67188 0.412589
2.6875 0.424896
2.70312 0.437313
2.71875 0.449839
2.73438 0.462473
2.75 0.475215
2.76562 0.488063
2.78125 0.501018
2.79688 0.514078
2.8125 0.527243
2.82812 0.540512
2.84375 0.553884
2.85938 0.567359
2.875 0.580936
2.89062 0.594614
2.90625 0.608393
2.92188 0.622272
2.9375 0.636251
2.95312 0.650328
2.96875 0.664504
2.98438 0.678777
3 0.693147
3.01562 0.707614
3.03125 0.722176
3.04688 0.736834
3.0625 0.751586
3.07812 0.766433
3.09375 0.781373
3.10938 0.796406
3.125 0.811532
3.14062 0.826749
3.15625 0.842058
3.17188 0.857458
3.1875 0.872948
3.20312 0.888528
3.21875 0.904197
3.23438 0.919955
3.25 0.935802
3.26562 0.951736
3.28125 0.967758
3.29688 0.983866
3.3125 1.00006
3.32812 1.01634
3.34375 1.03271
3.35938 1.04916
3.375 1.0657
3.39062 1.08232
3.40625 1.09902
3.42188 1.11581
3.4375 1.13268
3.45312 1.14963
3.46875 1.16666
3.48438 1.18378
3.5 1.20097
3.51562 1.21825
3.53125 1.23561
3.54688 1.25305
3.5625 1.27056
3.57812 1.28816
3.59375 1.30583
3.60938 1.32358
3.625 1.34141
3.64062 1.35932
3.65625 1.37731
3.67188 1.39537
3.6875 1.41351
3.70312 1.43172
3.71875 1.45001
3.73438 1.46838
3.75 1.48682
3.76562 1.50533
3.78125 1.52392
3.79688 1.54258
3.8125 1.56132
3.82812 1.58013
3.84375 1.59901
3.85938 1.61796
3.875 1.63699
3.89062 1.65609
3.90625 1.67526
3.92188 1.6945
3.9375 1.71381
3.95312 1.73319
3.96875 1.75264
3.98438 1.77217
4 1.79176
4.01562 1.81142
4.03125 1.83115
4.04688 1.85095
4.0625 1.87082
4.07812 1.89075
4.09375 1.91076
4.10938 1.93083
4.125 1.95097
4.14062 1.97117
4.15625 1.99144
4.17188 2.01178
4.1875 2.03218
4.20312 2.05265
4.21875 2.07319
4.23438 2.09379
4.25 2.11446
4.26562 2.13519
4.28125 2.15598
4.29688 2.17684
4.3125 2.19776
4.32812 2.21875
4.34375 2.2398
4.35938 2.26091
4.375 2.28209
4.39062 2.30333
4.40625 2.32463
4.42188 2.346
4.4375 2.36742
4.45312 2.38891
4.46875 2.41046
4.48438 2.43207
4.5 2.45374
4.51562 2.47547
4.53125 2.49726
4.54688 2.51911
4.5625 2.54102
4.57812 2.563
4.59375 2.58503
4.60938 2.60712
4.625 2.62927
4.64062 2.65148
4.65625 2.67375
4.67188 2.69607
4.6875 2.71846
4.70312 2.7409
4.71875 2.7634
4.73438 2.78596
4.75 2.80857
4.76562 2.83124
4.78125 2.85397
4.79688 2.87676
4.8125 2.8996
4.82812 2.9225
4.84375 2.94546
4.85938 2.96847
4.875 2.99153
4.89062 3.01466
4.90625 3.03783
4.92188 3.06107
4.9375 3.08436
4.95312 3.1077
4.96875 3.1311
4.98438 3.15455
5 3.17805
5.01562 3.20161
5.03125 3.22523
5.04688 3.2489
5.0625 3.27262
5.07812 3.29639
5.09375 3.32022
5.10938 3.3441
5.125 3.36803
5.14062 3.39202
5.15625 3.41606
5.17188 3.44015
5.1875 3.46429
5.20312 3.48848
5.21875 3.51273
5.23438 3.53703
5.25 3.56138
5.26562 3.58578
5.28125 3.61023
5.29688 3.63473
5.3125 3.65928
5.32812 3.68389
5.34375 3.70854
5.35938 3.73324
5.375 3.758
5.39062 3.7828
5.40625 3.80766
5.42188 3.83256
5.4375 3.85751
5.45312 3.88251
5.46875 3.90756
5.48438 3.93266
5.5 3.95781
5.51562 3.98301
5.53125 4.00826
5.54688 4.03355
5.5625 4.0589
5.57812 4.08429
5.59375 4.10972
5.60938 4.13521
5.625 4.16075
5.64062 4.18633
5.65625 4.21196
5.67188 4.23763
5.6875 4.26336
5.70312 4.28913
5.71875 4.31494
5.73438 4.34081
5.75 4.36672
5.76562 4.39267
5.78125 4.41868
5.79688 4.44472
5.8125 4.47082
5.82812 4.49696
5.84375 4.52315
5.85938 4.54938
5.875 4.57565
5.89062 4.60198
5.90625 4.62834
5.92188 4.65476
5.9375 4.68121
5.95312 4.70772
5.96875 4.73426
5.98438 4.76086
6 4.78749
6.01562 4.81417
6.03125 4.8409
6.04688 4.86766
6.0625 4.89448
6.07812 4.92133
6.09375 4.94823
6.10938 4.97518
6.125 5.00216
6.14062 5.02919
6.15625 5.05627
6.17188 5.08338
6.1875 5.11054
6.20312 5.13774
6.21875 5.16499
6.23438 5.19227
6.25 5.2196
6.26562 5.24698
6.28125 5.27439
6.29688 5.30185
6.3125 5.32934
6.32812 5.35689
6.34375 5.38447
6.35938 5.41209
6.375 5.43976
6.39062 5.46746
6.40625 5.49521
6.42188 5.523
6.4375 5.55083
6.45312 5.5787
6.46875 5.60661
6.48438 5.63457
6.5 5.66256
6.51562 5.6906
6.53125 5.71867
6.54688 5.74679
6.5625 5.77494
6.57812 5.80314
6.59375 5.83137
6.60938 5.85965
6.625 5.88797
6.64062 5.91632
6.65625 5.94472
6.67188 5.97315
6.6875 6.00163
6.70312 6.03014
6.71875 6.05869
6.73438 6.08728
6.75 6.11592
6.76562 6.14459
6.78125 6.1733
6.79688 6.20204
6.8125 6.23083
6.82812 6.25965
6.84375 6.28852
6.85938 6.31742
6.875 6.34636
6.89062 6.37534
6.90625 6.40436
6.92188 6.43341
6.9375 6.4625
6.95312 6.49163
6.96875 6.5208
6.98438 6.55001
7 6.57925


