-3 9
-2.93939 8.64004
-2.87879 8.28742
-2.81818 7.94215
-2.75758 7.60422
-2.69697 7.27365
-2.63636 6.95041
-2.57576 6.63453
-2.51515 6.32599
-2.45455 6.02479
-2.39394 5.73095
-2.33333 5.44444
-2.27273 5.16529
-2.21212 4.89348
-2.15152 4.62902
-2.09091 4.3719
-2.0303 4.12213
-1.9697 3.87971
-1.90909 3.64463
-1.84848 3.4169
-1.78788 3.19651
-1.72727 2.98347
-1.66667 2.77778
-1.60606 2.57943
-1.54545 2.38843
-1.48485 2.20478
-1.42424 2.02847
-1.36364 1.8595
-1.30303 1.69789
-1.24242 1.54362
-1.18182 1.39669
-1.12121 1.25712
-1.06061 1.12489
-1 1
-0.939394 0.882461
-0.878788 0.772268
-0.818182 0.669421
-0.757576 0.573921
-0.69697 0.485767
-0.636364 0.404959
-0.575758 0.331497
-0.515152 0.265381
-0.454545 0.206612
-0.393939 0.155188
-0.333333 0.111111
-0.272727 0.0743802
-0.212121 0.0449954
-0.151515 0.0229568
-0.0909091 0.00826446
-0.030303 0.000918274
0.030303 0.000918274
0.0909091 0.00826446
0.151515 0.0229568
0.212121 0.0449954
0.272727 0.0743802
0.333333 0.111111
0.393939 0.155188
0.454545 0.206612
0.515152 0.265381
0.575758 0.331497
0.636364 0.404959
0.69697 0.485767
0.757576 0.573921
0.818182 0.669421
0.878788 0.772268
0.939394 0.882461
1 1
1.06061 1.12489
1.12121 1.25712
1.18182 1.39669
1.24242 1.54362
1.30303 1.69789
1.36364 1.8595
1.42424 2.02847
1.48485 2.20478
1.54545 2.38843
1.60606 2.57943
1.66667 2.77778
1.72727 2.98347
1.78788 3.19651
1.84848 3.4169
1.90909 3.64463
1.9697 3.87971
2.0303 4.12213
2.09091 4.3719
2.15152 4.62902
2.21212 4.89348
2.27273 5.16529
2.33333 5.44444
2.39394 5.73095
2.45455 6.02479
2.51515 6.32599
2.57576 6.63453
2.63636 6.95041
2.69697 7.27365
2.75758 7.60422
2.81818 7.94215
2.87879 8.28742
2.93939 8.64004
3 9


-3 nan
-2.9988 nan
-2.9976 nan
-2.9964 nan
-2.9952 nan
-2.994 nan
-2.9928 nan
-2.9916 nan
-2.9904 nan
-2.9892 nan
-2.988 nan
-2.9868 nan
-2.9856 nan
-2.9844 nan
-2.9832 nan
-2.982 nan
-2.9808 nan
-2.9796 nan
-2.9784 nan
-2.9772 nan
-2.976 nan
-2.97479 nan
-2.97359 nan
-2.97239 nan
-2.97119 nan
-2.96999 nan
-2.96879 nan
-2.96759 nan
-2.96639 nan
-2.96519 nan
-2.96399 nan
-2.96279 nan
-2.96159 nan
-2.96039 nan
-2.95919 nan
-2.95799 nan
-2.95679 nan
-2.95559 nan
-2.95439 nan
-2.95319 nan
-2.95199 nan
-2.95079 nan
-2.94959 nan
-2.94839 nan
-2.94719 nan
-2.94599 nan
-2.94479 nan
-2.94359 nan
-2.94239 nan
-2.94119 nan
-2.93999 nan
-2.93879 nan
-2.93759 nan
-2.93639 nan
-2.93519 nan
-2.93399 nan
-2.93279 nan
-2.93159 nan
-2.93039 nan
-2.92919 nan
-2.92799 nan
-2.92679 nan
-2.92559 nan
-2.92438 nan
-2.92318 nan
-2.92198 nan
-2.92078 nan
-2.91958 nan
-2.91838 nan
-2.91718 nan
-2.91598 nan
-2.91478 nan
-2.91358 nan
-2.91238 nan
-2.91118 nan
-2.90998 nan
-2.90878 nan
-2.90758 nan
-2.90638 nan
-2.90518 nan
-2.90398 nan
-2.90278 nan
-2.90158 nan
-2.90038 nan
-2.89918 nan
-2.89798 nan
-2.89678 nan
-2.89558 nan
-2.89438 nan
-2.89318 nan
-2.89198 nan
-2.89078 nan
-2.88958 nan
-2.88838 nan
-2.88718 nan
-2.88598 nan
-2.88478 nan
-2.88358 nan
-2.88238 nan
-2.88118 nan
-2.87998 nan
-2.87878 nan
-2.87758 nan
-2.87638 nan
-2.87518 nan
-2.87397 nan
-2.87277 nan
-2.87157 nan
-2.87037 nan
-2.86917 nan
-2.86797 nan
-2.86677 nan
-2.86557 nan
-2.86437 nan
-2.86317 nan
-2.86197 nan
-2.86077 nan
-2.85957 nan
-2.85837 nan
-2.85717 nan
-2.85597 nan
-2.85477 nan
-2.85357 nan
-2.85237 nan
-2.85117 nan
-2.84997 nan
-2.84877 nan
-2.84757 nan
-2.84637 nan
-2.84517 nan
-2.84397 nan
-2.84277 nan
-2.84157 nan
-2.84037 nan
-2.83917 nan
-2.83797 nan
-2.83677 nan
-2.83557 nan
-2.83437 nan
-2.83317 nan
-2.83197 nan
-2.83077 nan
-2.82957 nan
-2.82837 nan
-2.82717 nan
-2.82597 nan
-2.82476 nan
-2.82356 nan
-2.82236 nan
-2.82116 nan
-2.81996 nan
-2.81876 nan
-2.81756 nan
-2.81636 nan
-2.81516 nan
-2.81396 nan
-2.81276 nan
-2.81156 nan
-2.81036 nan
-2.80916 nan
-2.80796 nan
-2.80676 nan
-2.80556 nan
-2.80436 nan
-2.80316 nan
-2.80196 nan
-2.80076 nan
-2.79956 nan
-2.79836 nan
-2.79716 nan
-2.79596 nan
-2.79476 nan
-2.79356 nan
-2.79236 nan
-2.79116 nan
-2.78996 nan
-2.78876 nan
-2.78756 nan
-2.78636 nan
-2.78516 nan
-2.78396 nan
-2.78276 nan
-2.78156 nan
-2.78036 nan
-2.77916 nan
-2.77796 nan
-2.77676 nan
-2.77556 nan
-2.77435 nan
-2.77315 nan
-2.77195 nan
-2.77075 nan
-2.76955 nan
-2.76835 nan
-2.76715 nan
-2.76595 nan
-2.76475 nan
-2.76355 nan
-2.76235 nan
-2.76115 nan
-2.75995 nan
-2.75875 nan
-2.75755 nan
-2.75635 nan
-2.75515 nan
-2.75395 nan
-2.75275 nan
-2.75155 nan
-2.75035 nan
-2.74915 nan
-2.74795 nan
-2.74675 nan
-2.74555 nan
-2.74435 nan
-2.74315 nan
-2.74195 nan
-2.74075 nan
-2.73955 nan
-2.73835 nan
-2.73715 nan
-2.73595 nan
-2.73475 nan
-2.73355 nan
-2.73235 nan
-2.73115 nan
-2.72995 nan
-2.72875 nan
-2.72755 nan
-2.72635 nan
-2.72515 nan
-2.72394 nan
-2.72274 nan
-2.72154 nan
-2.72034 nan
-2.71914 nan
-2.71794 nan
-2.71674 nan
-2.71554 nan
-2.71434 nan
-2.71314 nan
-2.71194 nan
-2.71074 nan
-2.70954 nan
-2.70834 nan
-2.70714 nan
-2.70594 nan
-2.70474 nan
-2.70354 nan
-2.70234 nan
-2.70114 nan
-2.69994 nan
-2.69874 nan
-2.69754 nan
-2.69634 nan
-2.69514 nan
-2.69394 nan
-2.69274 nan
-2.69154 nan
-2.69034 nan
-2.68914 nan
-2.68794 nan
-2.68674 nan
-2.68554 nan
-2.68434 nan
-2.68314 nan
-2.68194 nan
-2.68074 nan
-2.67954 nan
-2.67834 nan
-2.67714 nan
-2.67594 nan
-2.67473 nan
-2.67353 nan
-2.67233 nan
-2.67113 nan
-2.66993 nan
-2.66873 nan
-2.66753 nan
-2.66633 nan
-2.66513 nan
-2.66393 nan
-2.66273 nan
-2.66153 nan
-2.66033 nan
-2.65913 nan
-2.65793 nan
-2.65673 nan
-2.65553 nan
-2.65433 nan
-2.65313 nan
-2.65193 nan
-2.65073 nan
-2.64953 nan
-2.64833 nan
-2.64713 nan
-2.64593 nan
-2.64473 nan
-2.64353 nan
-2.64233 nan
-2.64113 nan
-2.63993 nan
-2.63873 nan
-2.63753 nan
-2.63633 nan
-2.63513 nan
-2.63393 nan
-2.63273 nan
-2.63153 nan
-2.63033 nan
-2.62913 nan
-2.62793 nan
-2.62673 nan
-2.62553 nan
-2.62432 nan
-2.62312 nan
-2.62192 nan
-2.62072 nan
-2.61952 nan
-2.61832 nan
-2.61712 nan
-2.61592 nan
-2.61472 nan
-2.61352 nan
-2.61232 nan
-2.61112 nan
-2.60992 nan
-2.60872 nan
-2.60752 nan
-2.60632 nan
-2.60512 nan
-2.60392 nan
-2.60272 nan
-2.60152 nan
-2.60032 nan
-2.59912 nan
-2.59792 nan
-2.59672 nan
-2.59552 nan
-2.59432 nan
-2.59312 nan
-2.59192 nan
-2.59072 nan
-2.58952 nan
-2.58832 nan
-2.58712 nan
-2.58592 nan
-2.58472 nan
-2.58352 nan
-2.58232 nan
-2.58112 nan
-2.57992 nan
-2.57872 nan
-2.57752 nan
-2.57632 nan
-2.57512 nan
-2.57391 nan
-2.57271 nan
-2.57151 nan
-2.57031 nan
-2.56911 nan
-2.56791 nan
-2.56671 nan
-2.56551 nan
-2.56431 nan
-2.56311 nan
-2.56191 nan
-2.56071 nan
-2.55951 nan
-2.55831 nan
-2.55711 nan
-2.55591 nan
-2.55471 nan
-2.55351 nan
-2.55231 nan
-2.55111 nan
-2.54991 nan
-2.54871 nan
-2.54751 nan
-2.54631 nan
-2.54511 nan
-2.54391 nan
-2.54271 nan
-2.54151 nan
-2.54031 nan
-2.53911 nan
-2.53791 nan
-2.53671 nan
-2.53551 nan
-2.53431 nan
-2.53311 nan
-2.53191 nan
-2.53071 nan
-2.52951 nan
-2.52831 nan
-2.52711 nan
-2.52591 nan
-2.5247 nan
-2.5235 nan
-2.5223 nan
-2.5211 nan
-2.5199 nan
-2.5187 nan
-2.5175 nan
-2.5163 nan
-2.5151 nan
-2.5139 nan
-2.5127 nan
-2.5115 nan
-2.5103 nan
-2.5091 nan
-2.5079 nan
-2.5067 nan
-2.5055 nan
-2.5043 nan
-2.5031 nan
-2.5019 nan
-2.5007 nan
-2.4995 nan
-2.4983 nan
-2.4971 nan
-2.4959 nan
-2.4947 nan
-2.4935 nan
-2.4923 nan
-2.4911 nan
-2.4899 nan
-2.4887 nan
-2.4875 nan
-2.4863 nan
-2.4851 nan
-2.4839 nan
-2.4827 nan
-2.4815 nan
-2.4803 nan
-2.4791 nan
-2.4779 nan
-2.4767 nan
-2.4755 nan
-2.47429 nan
-2.47309 nan
-2.47189 nan
-2.47069 nan
-2.46949 nan
-2.46829 nan
-2.46709 nan
-2.46589 nan
-2.46469 nan
-2.46349 nan
-2.46229 nan
-2.46109 nan
-2.45989 nan
-2.45869 nan
-2.45749 nan
-2.45629 nan
-2.45509 nan
-2.45389 nan
-2.45269 nan
-2.45149 nan
-2.45029 nan
-2.44909 nan
-2.44789 nan
-2.44669 nan
-2.44549 nan
-2.44429 nan
-2.44309 nan
-2.44189 nan
-2.44069 nan
-2.43949 nan
-2.43829 nan
-2.43709 nan
-2.43589 nan
-2.43469 nan
-2.43349 nan
-2.43229 nan
-2.43109 nan
-2.42989 nan
-2.42869 nan
-2.42749 nan
-2.42629 nan
-2.42509 nan
-2.42388 nan
-2.42268 nan
-2.42148 nan
-2.42028 nan
-2.41908 nan
-2.41788 nan
-2.41668 nan
-2.41548 nan
-2.41428 nan
-2.41308 nan
-2.41188 nan
-2.41068 nan
-2.40948 nan
-2.40828 nan
-2.40708 nan
-2.40588 nan
-2.40468 nan
-2.40348 nan
-2.40228 nan
-2.40108 nan
-2.39988 nan
-2.39868 nan
-2.39748 nan
-2.39628 nan
-2.39508 nan
-2.39388 nan
-2.39268 nan
-2.39148 nan
-2.39028 nan
-2.38908 nan
-2.38788 nan
-2.38668 nan
-2.38548 nan
-2.38428 nan
-2.38308 nan
-2.38188 nan
-2.38068 nan
-2.37948 nan
-2.37828 nan
-2.37708 nan
-2.37588 nan
-2.37467 nan
-2.37347 nan
-2.37227 nan
-2.37107 nan
-2.36987 nan
-2.36867 nan
-2.36747 nan
-2.36627 nan
-2.36507 nan
-2.36387 nan
-2.36267 nan
-2.36147 nan
-2.36027 nan
-2.35907 nan
-2.35787 nan
-2.35667 nan
-2.35547 nan
-2.35427 nan
-2.35307 nan
-2.35187 nan
-2.35067 nan
-2.34947 nan
-2.34827 nan
-2.34707 nan
-2.34587 nan
-2.34467 nan
-2.34347 nan
-2.34227 nan
-2.34107 nan
-2.33987 nan
-2.33867 nan
-2.33747 nan
-2.33627 nan
-2.33507 nan
-2.33387 nan
-2.33267 nan
-2.33147 nan
-2.33027 nan
-2.32907 nan
-2.32787 nan
-2.32667 nan
-2.32547 nan
-2.32426 nan
-2.32306 nan
-2.32186 nan
-2.32066 nan
-2.31946 nan
-2.31826 nan
-2.31706 nan
-2.31586 nan
-2.31466 nan
-2.31346 nan
-2.31226 nan
-2.31106 nan
-2.30986 nan
-2.30866 nan
-2.30746 nan
-2.30626 nan
-2.30506 nan
-2.30386 nan
-2.30266 nan
-2.30146 nan
-2.30026 nan
-2.29906 nan
-2.29786 nan
-2.29666 nan
-2.29546 nan
-2.29426 nan
-2.29306 nan
-2.29186 nan
-2.29066 nan
-2.28946 nan
-2.28826 nan
-2.28706 nan
-2.28586 nan
-2.28466 nan
-2.28346 nan
-2.28226 nan
-2.28106 nan
-2.27986 nan
-2.27866 nan
-2.27746 nan
-2.27626 nan
-2.27506 nan
-2.27385 nan
-2.27265 nan
-2.27145 nan
-2.27025 nan
-2.26905 nan
-2.26785 nan
-2.26665 nan
-2.26545 nan
-2.26425 nan
-2.26305 nan
-2.26185 nan
-2.26065 nan
-2.25945 nan
-2.25825 nan
-2.25705 nan
-2.25585 nan
-2.25465 nan
-2.25345 nan
-2.25225 nan
-2.25105 nan
-2.24985 nan
-2.24865 nan
-2.24745 nan
-2.24625 nan
-2.24505 nan
-2.24385 nan
-2.24265 nan
-2.24145 nan
-2.24025 nan
-2.23905 nan
-2.23785 nan
-2.23665 nan
-2.23545 nan
-2.23425 nan
-2.23305 nan
-2.23185 nan
-2.23065 nan
-2.22945 nan
-2.22825 nan
-2.22705 nan
-2.22585 nan
-2.22464 nan
-2.22344 nan
-2.22224 nan
-2.22104 nan
-2.21984 nan
-2.21864 nan
-2.21744 nan
-2.21624 nan
-2.21504 nan
-2.21384 nan
-2.21264 nan
-2.21144 nan
-2.21024 nan
-2.20904 nan
-2.20784 nan
-2.20664 nan
-2.20544 nan
-2.20424 nan
-2.20304 nan
-2.20184 nan
-2.20064 nan
-2.19944 nan
-2.19824 nan
-2.19704 nan
-2.19584 nan
-2.19464 nan
-2.19344 nan
-2.19224 nan
-2.19104 nan
-2.18984 nan
-2.18864 nan
-2.18744 nan
-2.18624 nan
-2.18504 nan
-2.18384 nan
-2.18264 nan
-2.18144 nan
-2.18024 nan
-2.17904 nan
-2.17784 nan
-2.17664 nan
-2.17544 nan
-2.17423 nan
-2.17303 nan
-2.17183 nan
-2.17063 nan
-2.16943 nan
-2.16823 nan
-2.16703 nan
-2.16583 nan
-2.16463 nan
-2.16343 nan
-2.16223 nan
-2.16103 nan
-2.15983 nan
-2.15863 nan
-2.15743 nan
-2.15623 nan
-2.15503 nan
-2.15383 nan
-2.15263 nan
-2.15143 nan
-2.15023 nan
-2.14903 nan
-2.14783 nan
-2.14663 nan
-2.14543 nan
-2.14423 nan
-2.14303 nan
-2.14183 nan
-2.14063 nan
-2.13943 nan
-2.13823 nan
-2.13703 nan
-2.13583 nan
-2.13463 nan
-2.13343 nan
-2.13223 nan
-2.13103 nan
-2.12983 nan
-2.12863 nan
-2.12743 nan
-2.12623 nan
-2.12503 nan
-2.12382 nan
-2.12262 nan
-2.12142 nan
-2.12022 nan
-2.11902 nan
-2.11782 nan
-2.11662 nan
-2.11542 nan
-2.11422 nan
-2.11302 nan
-2.11182 nan
-2.11062 nan
-2.10942 nan
-2.10822 nan
-2.10702 nan
-2.10582 nan
-2.10462 nan
-2.10342 nan
-2.10222 nan
-2.10102 nan
-2.09982 nan
-2.09862 nan
-2.09742 nan
-2.09622 nan
-2.09502 nan
-2.09382 nan
-2.09262 nan
-2.09142 nan
-2.09022 nan
-2.08902 nan
-2.08782 nan
-2.08662 nan
-2.08542 nan
-2.08422 nan
-2.08302 nan
-2.08182 nan
-2.08062 nan
-2.07942 nan
-2.07822 nan
-2.07702 nan
-2.07582 nan
-2.07461 nan
-2.07341 nan
-2.07221 nan
-2.07101 nan
-2.06981 nan
-2.06861 nan
-2.06741 nan
-2.06621 nan
-2.06501 nan
-2.06381 nan
-2.06261 nan
-2.06141 nan
-2.06021 nan
-2.05901 nan
-2.05781 nan
-2.05661 nan
-2.05541 nan
-2.05421 nan
-2.05301 nan
-2.05181 nan
-2.05061 nan
-2.04941 nan
-2.04821 nan
-2.04701 nan
-2.04581 nan
-2.04461 nan
-2.04341 nan
-2.04221 nan
-2.04101 nan
-2.03981 nan
-2.03861 nan
-2.03741 nan
-2.03621 nan
-2.03501 nan
-2.03381 nan
-2.03261 nan
-2.03141 nan
-2.03021 nan
-2.02901 nan
-2.02781 nan
-2.02661 nan
-2.02541 nan
-2.0242 nan
-2.023 nan
-2.0218 nan
-2.0206 nan
-2.0194 nan
-2.0182 nan
-2.017 nan
-2.0158 nan
-2.0146 nan
-2.0134 nan
-2.0122 nan
-2.011 nan
-2.0098 nan
-2.0086 nan
-2.0074 nan
-2.0062 nan
-2.005 nan
-2.0038 nan
-2.0026 nan
-2.0014 nan
-2.0002 nan
-1.999 nan
-1.9978 nan
-1.9966 nan
-1.9954 nan
-1.9942 nan
-1.993 nan
-1.9918 nan
-1.9906 nan
-1.9894 nan
-1.9882 nan
-1.987 nan
-1.9858 nan
-1.9846 nan
-1.9834 nan
-1.9822 nan
-1.981 nan
-1.9798 nan
-1.9786 nan
-1.9774 nan
-1.9762 nan
-1.97499 nan
-1.97379 nan
-1.97259 nan
-1.97139 nan
-1.97019 nan
-1.96899 nan
-1.96779 nan
-1.96659 nan
-1.96539 nan
-1.96419 nan
-1.96299 nan
-1.96179 nan
-1.96059 nan
-1.95939 nan
-1.95819 nan
-1.95699 nan
-1.95579 nan
-1.95459 nan
-1.95339 nan
-1.95219 nan
-1.95099 nan
-1.94979 nan
-1.94859 nan
-1.94739 nan
-1.94619 nan
-1.94499 nan
-1.94379 nan
-1.94259 nan
-1.94139 nan
-1.94019 nan
-1.93899 nan
-1.93779 nan
-1.93659 nan
-1.93539 nan
-1.93419 nan
-1.93299 nan
-1.93179 nan
-1.93059 nan
-1.92939 nan
-1.92819 nan
-1.92699 nan
-1.92579 nan
-1.92458 nan
-1.92338 nan
-1.92218 nan
-1.92098 nan
-1.91978 nan
-1.91858 nan
-1.91738 nan
-1.91618 nan
-1.91498 nan
-1.91378 nan
-1.91258 nan
-1.91138 nan
-1.91018 nan
-1.90898 nan
-1.90778 nan
-1.90658 nan
-1.90538 nan
-1.90418 nan
-1.90298 nan
-1.90178 nan
-1.90058 nan
-1.89938 nan
-1.89818 nan
-1.89698 nan
-1.89578 nan
-1.89458 nan
-1.89338 nan
-1.89218 nan
-1.89098 nan
-1.88978 nan
-1.88858 nan
-1.88738 nan
-1.88618 nan
-1.88498 nan
-1.88378 nan
-1.88258 nan
-1.88138 nan
-1.88018 nan
-1.87898 nan
-1.87778 nan
-1.87658 nan
-1.87538 nan
-1.87417 nan
-1.87297 nan
-1.87177 nan
-1.87057 nan
-1.86937 nan
-1.86817 nan
-1.86697 nan
-1.86577 nan
-1.86457 nan
-1.86337 nan
-1.86217 nan
-1.86097 nan
-1.85977 nan
-1.85857 nan
-1.85737 nan
-1.85617 nan
-1.85497 nan
-1.85377 nan
-1.85257 nan
-1.85137 nan
-1.85017 nan
-1.84897 nan
-1.84777 nan
-1.84657 nan
-1.84537 nan
-1.84417 nan
-1.84297 nan
-1.84177 nan
-1.84057 nan
-1.83937 nan
-1.83817 nan
-1.83697 nan
-1.83577 nan
-1.83457 nan
-1.83337 nan
-1.83217 nan
-1.83097 nan
-1.82977 nan
-1.82857 nan
-1.82737 nan
-1.82617 nan
-1.82496 nan
-1.82376 nan
-1.82256 nan
-1.82136 nan
-1.82016 nan
-1.81896 nan
-1.81776 nan
-1.81656 nan
-1.81536 nan
-1.81416 nan
-1.81296 nan
-1.81176 nan
-1.81056 nan
-1.80936 nan
-1.80816 nan
-1.80696 nan
-1.80576 nan
-1.80456 nan
-1.80336 nan
-1.80216 nan
-1.80096 nan
-1.79976 nan
-1.79856 nan
-1.79736 nan
-1.79616 nan
-1.79496 nan
-1.79376 nan
-1.79256 nan
-1.79136 nan
-1.79016 nan
-1.78896 nan
-1.78776 nan
-1.78656 nan
-1.78536 nan
-1.78416 nan
-1.78296 nan
-1.78176 nan
-1.78056 nan
-1.77936 nan
-1.77816 nan
-1.77696 nan
-1.77576 nan
-1.77455 nan
-1.77335 nan
-1.77215 nan
-1.77095 nan
-1.76975 nan
-1.76855 nan
-1.76735 nan
-1.76615 nan
-1.76495 nan
-1.76375 nan
-1.76255 nan
-1.76135 nan
-1.76015 nan
-1.75895 nan
-1.75775 nan
-1.75655 nan
-1.75535 nan
-1.75415 nan
-1.75295 nan
-1.75175 nan
-1.75055 nan
-1.74935 nan
-1.74815 nan
-1.74695 nan
-1.74575 nan
-1.74455 nan
-1.74335 nan
-1.74215 nan
-1.74095 nan
-1.73975 nan
-1.73855 nan
-1.73735 nan
-1.73615 nan
-1.73495 nan
-1.73375 nan
-1.73255 nan
-1.73135 nan
-1.73015 nan
-1.72895 nan
-1.72775 nan
-1.72655 nan
-1.72535 nan
-1.72414 nan
-1.72294 nan
-1.72174 nan
-1.72054 nan
-1.71934 nan
-1.71814 nan
-1.71694 nan
-1.71574 nan
-1.71454 nan
-1.71334 nan
-1.71214 nan
-1.71094 nan
-1.70974 nan
-1.70854 nan
-1.70734 nan
-1.70614 nan
-1.70494 nan
-1.70374 nan
-1.70254 nan
-1.70134 nan
-1.70014 nan
-1.69894 nan
-1.69774 nan
-1.69654 nan
-1.69534 nan
-1.69414 nan
-1.69294 nan
-1.69174 nan
-1.69054 nan
-1.68934 nan
-1.68814 nan
-1.68694 nan
-1.68574 nan
-1.68454 nan
-1.68334 nan
-1.68214 nan
-1.68094 nan
-1.67974 nan
-1.67854 nan
-1.67734 nan
-1.67614 nan
-1.67493 nan
-1.67373 nan
-1.67253 nan
-1.67133 nan
-1.67013 nan
-1.66893 nan
-1.66773 nan
-1.66653 nan
-1.66533 nan
-1.66413 nan
-1.66293 nan
-1.66173 nan
-1.66053 nan
-1.65933 nan
-1.65813 nan
-1.65693 nan
-1.65573 nan
-1.65453 nan
-1.65333 nan
-1.65213 nan
-1.65093 nan
-1.64973 nan
-1.64853 nan
-1.64733 nan
-1.64613 nan
-1.64493 nan
-1.64373 nan
-1.64253 nan
-1.64133 nan
-1.64013 nan
-1.63893 nan
-1.63773 nan
-1.63653 nan
-1.63533 nan
-1.63413 nan
-1.63293 nan
-1.63173 nan
-1.63053 nan
-1.62933 nan
-1.62813 nan
-1.62693 nan
-1.62573 nan
-1.62452 nan
-1.62332 nan
-1.62212 nan
-1.62092 nan
-1.61972 nan
-1.61852 nan
-1.61732 nan
-1.61612 nan
-1.61492 nan
-1.61372 nan
-1.61252 nan
-1.61132 nan
-1.61012 nan
-1.60892 nan
-1.60772 nan
-1.60652 nan
-1.60532 nan
-1.60412 nan
-1.60292 nan
-1.60172 nan
-1.60052 nan
-1.59932 nan
-1.59812 nan
-1.59692 nan
-1.59572 nan
-1.59452 nan
-1.59332 nan
-1.59212 nan
-1.59092 nan
-1.58972 nan
-1.58852 nan
-1.58732 nan
-1.58612 nan
-1.58492 nan
-1.58372 nan
-1.58252 nan
-1.58132 nan
-1.58012 nan
-1.57892 nan
-1.57772 nan
-1.57652 nan
-1.57532 nan
-1.57411 nan
-1.57291 nan
-1.57171 nan
-1.57051 nan
-1.56931 nan
-1.56811 nan
-1.56691 nan
-1.56571 nan
-1.56451 nan
-1.56331 nan
-1.56211 nan
-1.56091 nan
-1.55971 nan
-1.55851 nan
-1.55731 nan
-1.55611 nan
-1.55491 nan
-1.55371 nan
-1.55251 nan
-1.55131 nan
-1.55011 nan
-1.54891 nan
-1.54771 nan
-1.54651 nan
-1.54531 nan
-1.54411 nan
-1.54291 nan
-1.54171 nan
-1.54051 nan
-1.53931 nan
-1.53811 nan
-1.53691 nan
-1.53571 nan
-1.53451 nan
-1.53331 nan
-1.53211 nan
-1.53091 nan
-1.52971 nan
-1.52851 nan
-1.52731 nan
-1.52611 nan
-1.5249 nan
-1.5237 nan
-1.5225 nan
-1.5213 nan
-1.5201 nan
-1.5189 nan
-1.5177 nan
-1.5165 nan
-1.5153 nan
-1.5141 nan
-1.5129 nan
-1.5117 nan
-1.5105 nan
-1.5093 nan
-1.5081 nan
-1.5069 nan
-1.5057 nan
-1.5045 nan
-1.5033 nan
-1.5021 nan
-1.5009 nan
-1.4997 nan
-1.4985 nan
-1.4973 nan
-1.4961 nan
-1.4949 nan
-1.4937 nan
-1.4925 nan
-1.4913 nan
-1.4901 nan
-1.4889 nan
-1.4877 nan
-1.4865 nan
-1.4853 nan
-1.4841 nan
-1.4829 nan
-1.4817 nan
-1.4805 nan
-1.4793 nan
-1.4781 nan
-1.4769 nan
-1.4757 nan
-1.47449 nan
-1.47329 nan
-1.47209 nan
-1.47089 nan
-1.46969 nan
-1.46849 nan
-1.46729 nan
-1.46609 nan
-1.46489 nan
-1.46369 nan
-1.46249 nan
-1.46129 nan
-1.46009 nan
-1.45889 nan
-1.45769 nan
-1.45649 nan
-1.45529 nan
-1.45409 nan
-1.45289 nan
-1.45169 nan
-1.45049 nan
-1.44929 nan
-1.44809 nan
-1.44689 nan
-1.44569 nan
-1.44449 nan
-1.44329 nan
-1.44209 nan
-1.44089 nan
-1.43969 nan
-1.43849 nan
-1.43729 nan
-1.43609 nan
-1.43489 nan
-1.43369 nan
-1.43249 nan
-1.43129 nan
-1.43009 nan
-1.42889 nan
-1.42769 nan
-1.42649 nan
-1.42529 nan
-1.42408 nan
-1.42288 nan
-1.42168 nan
-1.42048 nan
-1.41928 nan
-1.41808 nan
-1.41688 nan
-1.41568 nan
-1.41448 nan
-1.41328 nan
-1.41208 nan
-1.41088 nan
-1.40968 nan
-1.40848 nan
-1.40728 nan
-1.40608 nan
-1.40488 nan
-1.40368 nan
-1.40248 nan
-1.40128 nan
-1.40008 nan
-1.39888 nan
-1.39768 nan
-1.39648 nan
-1.39528 nan
-1.39408 nan
-1.39288 nan
-1.39168 nan
-1.39048 nan
-1.38928 nan
-1.38808 nan
-1.38688 nan
-1.38568 nan
-1.38448 nan
-1.38328 nan
-1.38208 nan
-1.38088 nan
-1.37968 nan
-1.37848 nan
-1.37728 nan
-1.37608 nan
-1.37487 nan
-1.37367 nan
-1.37247 nan
-1.37127 nan
-1.37007 nan
-1.36887 nan
-1.36767 nan
-1.36647 nan
-1.36527 nan
-1.36407 nan
-1.36287 nan
-1.36167 nan
-1.36047 nan
-1.35927 nan
-1.35807 nan
-1.35687 nan
-1.35567 nan
-1.35447 nan
-1.35327 nan
-1.35207 nan
-1.35087 nan
-1.34967 nan
-1.34847 nan
-1.34727 nan
-1.34607 nan
-1.34487 nan
-1.34367 nan
-1.34247 nan
-1.34127 nan
-1.34007 nan
-1.33887 nan
-1.33767 nan
-1.33647 nan
-1.33527 nan
-1.33407 nan
-1.33287 nan
-1.33167 nan
-1.33047 nan
-1.32927 nan
-1.32807 nan
-1.32687 nan
-1.32567 nan
-1.32446 nan
-1.32326 nan
-1.32206 nan
-1.32086 nan
-1.31966 nan
-1.31846 nan
-1.31726 nan
-1.31606 nan
-1.31486 nan
-1.31366 nan
-1.31246 nan
-1.31126 nan
-1.31006 nan
-1.30886 nan
-1.30766 nan
-1.30646 nan
-1.30526 nan
-1.30406 nan
-1.30286 nan
-1.30166 nan
-1.30046 nan
-1.29926 nan
-1.29806 nan
-1.29686 nan
-1.29566 nan
-1.29446 nan
-1.29326 nan
-1.29206 nan
-1.29086 nan
-1.28966 nan
-1.28846 nan
-1.28726 nan
-1.28606 nan
-1.28486 nan
-1.28366 nan
-1.28246 nan
-1.28126 nan
-1.28006 nan
-1.27886 nan
-1.27766 nan
-1.27646 nan
-1.27526 nan
-1.27405 nan
-1.27285 nan
-1.27165 nan
-1.27045 nan
-1.26925 nan
-1.26805 nan
-1.26685 nan
-1.26565 nan
-1.26445 nan
-1.26325 nan
-1.26205 nan
-1.26085 nan
-1.25965 nan
-1.25845 nan
-1.25725 nan
-1.25605 nan
-1.25485 nan
-1.25365 nan
-1.25245 nan
-1.25125 nan
-1.25005 nan
-1.24885 nan
-1.24765 nan
-1.24645 nan
-1.24525 nan
-1.24405 nan
-1.24285 nan
-1.24165 nan
-1.24045 nan
-1.23925 nan
-1.23805 nan
-1.23685 nan
-1.23565 nan
-1.23445 nan
-1.23325 nan
-1.23205 nan
-1.23085 nan
-1.22965 nan
-1.22845 nan
-1.22725 nan
-1.22605 nan
-1.22484 nan
-1.22364 nan
-1.22244 nan
-1.22124 nan
-1.22004 nan
-1.21884 nan
-1.21764 nan
-1.21644 nan
-1.21524 nan
-1.21404 nan
-1.21284 nan
-1.21164 nan
-1.21044 nan
-1.20924 nan
-1.20804 nan
-1.20684 nan
-1.20564 nan
-1.20444 nan
-1.20324 nan
-1.20204 nan
-1.20084 nan
-1.19964 nan
-1.19844 nan
-1.19724 nan
-1.19604 nan
-1.19484 nan
-1.19364 nan
-1.19244 nan
-1.19124 nan
-1.19004 nan
-1.18884 nan
-1.18764 nan
-1.18644 nan
-1.18524 nan
-1.18404 nan
-1.18284 nan
-1.18164 nan
-1.18044 nan
-1.17924 nan
-1.17804 nan
-1.17684 nan
-1.17564 nan
-1.17443 nan
-1.17323 nan
-1.17203 nan
-1.17083 nan
-1.16963 nan
-1.16843 nan
-1.16723 nan
-1.16603 nan
-1.16483 nan
-1.16363 nan
-1.16243 nan
-1.16123 nan
-1.16003 nan
-1.15883 nan
-1.15763 nan
-1.15643 nan
-1.15523 nan
-1.15403 nan
-1.15283 nan
-1.15163 nan
-1.15043 nan
-1.14923 nan
-1.14803 nan
-1.14683 nan
-1.14563 nan
-1.14443 nan
-1.14323 nan
-1.14203 nan
-1.14083 nan
-1.13963 nan
-1.13843 nan
-1.13723 nan
-1.13603 nan
-1.13483 nan
-1.13363 nan
-1.13243 nan
-1.13123 nan
-1.13003 nan
-1.12883 nan
-1.12763 nan
-1.12643 nan
-1.12523 nan
-1.12402 nan
-1.12282 nan
-1.12162 nan
-1.12042 nan
-1.11922 nan
-1.11802 nan
-1.11682 nan
-1.11562 nan
-1.11442 nan
-1.11322 nan
-1.11202 nan
-1.11082 nan
-1.10962 nan
-1.10842 nan
-1.10722 nan
-1.10602 nan
-1.10482 nan
-1.10362 nan
-1.10242 nan
-1.10122 nan
-1.10002 nan
-1.09882 nan
-1.09762 nan
-1.09642 nan
-1.09522 nan
-1.09402 nan
-1.09282 nan
-1.09162 nan
-1.09042 nan
-1.08922 nan
-1.08802 nan
-1.08682 nan
-1.08562 nan
-1.08442 nan
-1.08322 nan
-1.08202 nan
-1.08082 nan
-1.07962 nan
-1.07842 nan
-1.07722 nan
-1.07602 nan
-1.07481 nan
-1.07361 nan
-1.07241 nan
-1.07121 nan
-1.07001 nan
-1.06881 nan
-1.06761 nan
-1.06641 nan
-1.06521 nan
-1.06401 nan
-1.06281 nan
-1.06161 nan
-1.06041 nan
-1.05921 nan
-1.05801 nan
-1.05681 nan
-1.05561 nan
-1.05441 nan
-1.05321 nan
-1.05201 nan
-1.05081 nan
-1.04961 nan
-1.04841 nan
-1.04721 nan
-1.04601 nan
-1.04481 nan
-1.04361 nan
-1.04241 nan
-1.04121 nan
-1.04001 nan
-1.03881 nan
-1.03761 nan
-1.03641 nan
-1.03521 nan
-1.03401 nan
-1.03281 nan
-1.03161 nan
-1.03041 nan
-1.02921 nan
-1.02801 nan
-1.02681 nan
-1.02561 nan
-1.0244 nan
-1.0232 nan
-1.022 nan
-1.0208 nan
-1.0196 nan
-1.0184 nan
-1.0172 nan
-1.016 nan
-1.0148 nan
-1.0136 nan
-1.0124 nan
-1.0112 nan
-1.01 nan
-1.0088 nan
-1.0076 nan
-1.0064 nan
-1.0052 nan
-1.004 nan
-1.0028 nan
-1.0016 nan
-1.0004 nan
-0.9992 nan
-0.998 nan
-0.996799 nan
-0.995599 nan
-0.994399 nan
-0.993199 nan
-0.991998 nan
-0.990798 nan
-0.989598 nan
-0.988398 nan
-0.987197 nan
-0.985997 nan
-0.984797 nan
-0.983597 nan
-0.982396 nan
-0.981196 nan
-0.979996 nan
-0.978796 nan
-0.977596 nan
-0.976395 nan
-0.975195 nan
-0.973995 nan
-0.972795 nan
-0.971594 nan
-0.970394 nan
-0.969194 nan
-0.967994 nan
-0.966793 nan
-0.965593 nan
-0.964393 nan
-0.963193 nan
-0.961992 nan
-0.960792 nan
-0.959592 nan
-0.958392 nan
-0.957191 nan
-0.955991 nan
-0.954791 nan
-0.953591 nan
-0.95239 nan
-0.95119 nan
-0.94999 nan
-0.94879 nan
-0.94759 nan
-0.946389 nan
-0.945189 nan
-0.943989 nan
-0.942789 nan
-0.941588 nan
-0.940388 nan
-0.939188 nan
-0.937988 nan
-0.936787 nan
-0.935587 nan
-0.934387 nan
-0.933187 nan
-0.931986 nan
-0.930786 nan
-0.929586 nan
-0.928386 nan
-0.927185 nan
-0.925985 nan
-0.924785 nan
-0.923585 nan
-0.922384 nan
-0.921184 nan
-0.919984 nan
-0.918784 nan
-0.917584 nan
-0.916383 nan
-0.915183 nan
-0.913983 nan
-0.912783 nan
-0.911582 nan
-0.910382 nan
-0.909182 nan
-0.907982 nan
-0.906781 nan
-0.905581 nan
-0.904381 nan
-0.903181 nan
-0.90198 nan
-0.90078 nan
-0.89958 nan
-0.89838 nan
-0.897179 nan
-0.895979 nan
-0.894779 nan
-0.893579 nan
-0.892378 nan
-0.891178 nan
-0.889978 nan
-0.888778 nan
-0.887578 nan
-0.886377 nan
-0.885177 nan
-0.883977 nan
-0.882777 nan
-0.881576 nan
-0.880376 nan
-0.879176 nan
-0.877976 nan
-0.876775 nan
-0.875575 nan
-0.874375 nan
-0.873175 nan
-0.871974 nan
-0.870774 nan
-0.869574 nan
-0.868374 nan
-0.867173 nan
-0.865973 nan
-0.864773 nan
-0.863573 nan
-0.862372 nan
-0.861172 nan
-0.859972 nan
-0.858772 nan
-0.857572 nan
-0.856371 nan
-0.855171 nan
-0.853971 nan
-0.852771 nan
-0.85157 nan
-0.85037 nan
-0.84917 nan
-0.84797 nan
-0.846769 nan
-0.845569 nan
-0.844369 nan
-0.843169 nan
-0.841968 nan
-0.840768 nan
-0.839568 nan
-0.838368 nan
-0.837167 nan
-0.835967 nan
-0.834767 nan
-0.833567 nan
-0.832366 nan
-0.831166 nan
-0.829966 nan
-0.828766 nan
-0.827566 nan
-0.826365 nan
-0.825165 nan
-0.823965 nan
-0.822765 nan
-0.821564 nan
-0.820364 nan
-0.819164 nan
-0.817964 nan
-0.816763 nan
-0.815563 nan
-0.814363 nan
-0.813163 nan
-0.811962 nan
-0.810762 nan
-0.809562 nan
-0.808362 nan
-0.807161 nan
-0.805961 nan
-0.804761 nan
-0.803561 nan
-0.80236 nan
-0.80116 nan
-0.79996 nan
-0.79876 nan
-0.79756 nan
-0.796359 nan
-0.795159 nan
-0.793959 nan
-0.792759 nan
-0.791558 nan
-0.790358 nan
-0.789158 nan
-0.787958 nan
-0.786757 nan
-0.785557 nan
-0.784357 nan
-0.783157 nan
-0.781956 nan
-0.780756 nan
-0.779556 nan
-0.778356 nan
-0.777155 nan
-0.775955 nan
-0.774755 nan
-0.773555 nan
-0.772354 nan
-0.771154 nan
-0.769954 nan
-0.768754 nan
-0.767554 nan
-0.766353 nan
-0.765153 nan
-0.763953 nan
-0.762753 nan
-0.761552 nan
-0.760352 nan
-0.759152 nan
-0.757952 nan
-0.756751 nan
-0.755551 nan
-0.754351 nan
-0.753151 nan
-0.75195 nan
-0.75075 nan
-0.74955 nan
-0.74835 nan
-0.747149 nan
-0.745949 nan
-0.744749 nan
-0.743549 nan
-0.742348 nan
-0.741148 nan
-0.739948 nan
-0.738748 nan
-0.737548 nan
-0.736347 nan
-0.735147 nan
-0.733947 nan
-0.732747 nan
-0.731546 nan
-0.730346 nan
-0.729146 nan
-0.727946 nan
-0.726745 nan
-0.725545 nan
-0.724345 nan
-0.723145 nan
-0.721944 nan
-0.720744 nan
-0.719544 nan
-0.718344 nan
-0.717143 nan
-0.715943 nan
-0.714743 nan
-0.713543 nan
-0.712342 nan
-0.711142 nan
-0.709942 nan
-0.708742 nan
-0.707542 nan
-0.706341 nan
-0.705141 nan
-0.703941 nan
-0.702741 nan
-0.70154 nan
-0.70034 nan
-0.69914 nan
-0.69794 nan
-0.696739 nan
-0.695539 nan
-0.694339 nan
-0.693139 nan
-0.691938 nan
-0.690738 nan
-0.689538 nan
-0.688338 nan
-0.687137 nan
-0.685937 nan
-0.684737 nan
-0.683537 nan
-0.682336 nan
-0.681136 nan
-0.679936 nan
-0.678736 nan
-0.677536 nan
-0.676335 nan
-0.675135 nan
-0.673935 nan
-0.672735 nan
-0.671534 nan
-0.670334 nan
-0.669134 nan
-0.667934 nan
-0.666733 nan
-0.665533 nan
-0.664333 nan
-0.663133 nan
-0.661932 nan
-0.660732 nan
-0.659532 nan
-0.658332 nan
-0.657131 nan
-0.655931 nan
-0.654731 nan
-0.653531 nan
-0.65233 nan
-0.65113 nan
-0.64993 nan
-0.64873 nan
-0.64753 nan
-0.646329 nan
-0.645129 nan
-0.643929 nan
-0.642729 nan
-0.641528 nan
-0.640328 nan
-0.639128 nan
-0.637928 nan
-0.636727 nan
-0.635527 nan
-0.634327 nan
-0.633127 nan
-0.631926 nan
-0.630726 nan
-0.629526 nan
-0.628326 nan
-0.627125 nan
-0.625925 nan
-0.624725 nan
-0.623525 nan
-0.622324 nan
-0.621124 nan
-0.619924 nan
-0.618724 nan
-0.617524 nan
-0.616323 nan
-0.615123 nan
-0.613923 nan
-0.612723 nan
-0.611522 nan
-0.610322 nan
-0.609122 nan
-0.607922 nan
-0.606721 nan
-0.605521 nan
-0.604321 nan
-0.603121 nan
-0.60192 nan
-0.60072 nan
-0.59952 nan
-0.59832 nan
-0.597119 nan
-0.595919 nan
-0.594719 nan
-0.593519 nan
-0.592318 nan
-0.591118 nan
-0.589918 nan
-0.588718 nan
-0.587518 nan
-0.586317 nan
-0.585117 nan
-0.583917 nan
-0.582717 nan
-0.581516 nan
-0.580316 nan
-0.579116 nan
-0.577916 nan
-0.576715 nan
-0.575515 nan
-0.574315 nan
-0.573115 nan
-0.571914 nan
-0.570714 nan
-0.569514 nan
-0.568314 nan
-0.567113 nan
-0.565913 nan
-0.564713 nan
-0.563513 nan
-0.562312 nan
-0.561112 nan
-0.559912 nan
-0.558712 nan
-0.557512 nan
-0.556311 nan
-0.555111 nan
-0.553911 nan
-0.552711 nan
-0.55151 nan
-0.55031 nan
-0.54911 nan
-0.54791 nan
-0.546709 nan
-0.545509 nan
-0.544309 nan
-0.543109 nan
-0.541908 nan
-0.540708 nan
-0.539508 nan
-0.538308 nan
-0.537107 nan
-0.535907 nan
-0.534707 nan
-0.533507 nan
-0.532306 nan
-0.531106 nan
-0.529906 nan
-0.528706 nan
-0.527506 nan
-0.526305 nan
-0.525105 nan
-0.523905 nan
-0.522705 nan
-0.521504 nan
-0.520304 nan
-0.519104 nan
-0.517904 nan
-0.516703 nan
-0.515503 nan
-0.514303 nan
-0.513103 nan
-0.511902 nan
-0.510702 nan
-0.509502 nan
-0.508302 nan
-0.507101 nan
-0.505901 nan
-0.504701 nan
-0.503501 nan
-0.5023 nan
-0.5011 nan
-0.4999 nan
-0.4987 nan
-0.497499 nan
-0.496299 nan
-0.495099 nan
-0.493899 nan
-0.492699 nan
-0.491498 nan
-0.490298 nan
-0.489098 nan
-0.487898 nan
-0.486697 nan
-0.485497 nan
-0.484297 nan
-0.483097 nan
-0.481896 nan
-0.480696 nan
-0.479496 nan
-0.478296 nan
-0.477095 nan
-0.475895 nan
-0.474695 nan
-0.473495 nan
-0.472294 nan
-0.471094 nan
-0.469894 nan
-0.468694 nan
-0.467493 nan
-0.466293 nan
-0.465093 nan
-0.463893 nan
-0.462693 nan
-0.461492 nan
-0.460292 nan
-0.459092 nan
-0.457892 nan
-0.456691 nan
-0.455491 nan
-0.454291 nan
-0.453091 nan
-0.45189 nan
-0.45069 nan
-0.44949 nan
-0.44829 nan
-0.447089 nan
-0.445889 nan
-0.444689 nan
-0.443489 nan
-0.442288 nan
-0.441088 nan
-0.439888 nan
-0.438688 nan
-0.437487 nan
-0.436287 nan
-0.435087 nan
-0.433887 nan
-0.432687 nan
-0.431486 nan
-0.430286 nan
-0.429086 nan
-0.427886 nan
-0.426685 nan
-0.425485 nan
-0.424285 nan
-0.423085 nan
-0.421884 nan
-0.420684 nan
-0.419484 nan
-0.418284 nan
-0.417083 nan
-0.415883 nan
-0.414683 nan
-0.413483 nan
-0.412282 nan
-0.411082 nan
-0.409882 nan
-0.408682 nan
-0.407481 nan
-0.406281 nan
-0.405081 nan
-0.403881 nan
-0.402681 nan
-0.40148 nan
-0.40028 nan
-0.39908 nan
-0.39788 nan
-0.396679 nan
-0.395479 nan
-0.394279 nan
-0.393079 nan
-0.391878 nan
-0.390678 nan
-0.389478 nan
-0.388278 nan
-0.387077 nan
-0.385877 nan
-0.384677 nan
-0.383477 nan
-0.382276 nan
-0.381076 nan
-0.379876 nan
-0.378676 nan
-0.377475 nan
-0.376275 nan
-0.375075 nan
-0.373875 nan
-0.372675 nan
-0.371474 nan
-0.370274 nan
-0.369074 nan
-0.367874 nan
-0.366673 nan
-0.365473 nan
-0.364273 nan
-0.363073 nan
-0.361872 nan
-0.360672 nan
-0.359472 nan
-0.358272 nan
-0.357071 nan
-0.355871 nan
-0.354671 nan
-0.353471 nan
-0.35227 nan
-0.35107 nan
-0.34987 nan
-0.34867 nan
-0.347469 nan
-0.346269 nan
-0.345069 nan
-0.343869 nan
-0.342669 nan
-0.341468 nan
-0.340268 nan
-0.339068 nan
-0.337868 nan
-0.336667 nan
-0.335467 nan
-0.334267 nan
-0.333067 nan
-0.331866 nan
-0.330666 nan
-0.329466 nan
-0.328266 nan
-0.327065 nan
-0.325865 nan
-0.324665 nan
-0.323465 nan
-0.322264 nan
-0.321064 nan
-0.319864 nan
-0.318664 nan
-0.317463 nan
-0.316263 nan
-0.315063 nan
-0.313863 nan
-0.312663 nan
-0.311462 nan
-0.310262 nan
-0.309062 nan
-0.307862 nan
-0.306661 nan
-0.305461 nan
-0.304261 nan
-0.303061 nan
-0.30186 nan
-0.30066 nan
-0.29946 nan
-0.29826 nan
-0.297059 nan
-0.295859 nan
-0.294659 nan
-0.293459 nan
-0.292258 nan
-0.291058 nan
-0.289858 nan
-0.288658 nan
-0.287457 nan
-0.286257 nan
-0.285057 nan
-0.283857 nan
-0.282657 nan
-0.281456 nan
-0.280256 nan
-0.279056 nan
-0.277856 nan
-0.276655 nan
-0.275455 nan
-0.274255 nan
-0.273055 nan
-0.271854 nan
-0.270654 nan
-0.269454 nan
-0.268254 nan
-0.267053 nan
-0.265853 nan
-0.264653 nan
-0.263453 nan
-0.262252 nan
-0.261052 nan
-0.259852 nan
-0.258652 nan
-0.257451 nan
-0.256251 nan
-0.255051 nan
-0.253851 nan
-0.252651 nan
-0.25145 nan
-0.25025 nan
-0.24905 nan
-0.24785 nan
-0.246649 nan
-0.245449 nan
-0.244249 nan
-0.243049 nan
-0.241848 nan
-0.240648 nan
-0.239448 nan
-0.238248 nan
-0.237047 nan
-0.235847 nan
-0.234647 nan
-0.233447 nan
-0.232246 nan
-0.231046 nan
-0.229846 nan
-0.228646 nan
-0.227445 nan
-0.226245 nan
-0.225045 nan
-0.223845 nan
-0.222645 nan
-0.221444 nan
-0.220244 nan
-0.219044 nan
-0.217844 nan
-0.216643 nan
-0.215443 nan
-0.214243 nan
-0.213043 nan
-0.211842 nan
-0.210642 nan
-0.209442 nan
-0.208242 nan
-0.207041 nan
-0.205841 nan
-0.204641 nan
-0.203441 nan
-0.20224 nan
-0.20104 nan
-0.19984 nan
-0.19864 nan
-0.197439 nan
-0.196239 nan
-0.195039 nan
-0.193839 nan
-0.192639 nan
-0.191438 nan
-0.190238 nan
-0.189038 nan
-0.187838 nan
-0.186637 nan
-0.185437 nan
-0.184237 nan
-0.183037 nan
-0.181836 nan
-0.180636 nan
-0.179436 nan
-0.178236 nan
-0.177035 nan
-0.175835 nan
-0.174635 nan
-0.173435 nan
-0.172234 nan
-0.171034 nan
-0.169834 nan
-0.168634 nan
-0.167433 nan
-0.166233 nan
-0.165033 nan
-0.163833 nan
-0.162633 nan
-0.161432 nan
-0.160232 nan
-0.159032 nan
-0.157832 nan
-0.156631 nan
-0.155431 nan
-0.154231 nan
-0.153031 nan
-0.15183 nan
-0.15063 nan
-0.14943 nan
-0.14823 nan
-0.147029 nan
-0.145829 nan
-0.144629 nan
-0.143429 nan
-0.142228 nan
-0.141028 nan
-0.139828 nan
-0.138628 nan
-0.137427 nan
-0.136227 nan
-0.135027 nan
-0.133827 nan
-0.132627 nan
-0.131426 nan
-0.130226 nan
-0.129026 nan
-0.127826 nan
-0.126625 nan
-0.125425 nan
-0.124225 nan
-0.123025 nan
-0.121824 nan
-0.120624 nan
-0.119424 nan
-0.118224 nan
-0.117023 nan
-0.115823 nan
-0.114623 nan
-0.113423 nan
-0.112222 nan
-0.111022 nan
-0.109822 nan
-0.108622 nan
-0.107421 nan
-0.106221 nan
-0.105021 nan
-0.103821 nan
-0.102621 nan
-0.10142 nan
-0.10022 nan
-0.0990198 nan
-0.0978196 nan
-0.0966193 nan
-0.0954191 nan
-0.0942188 nan
-0.0930186 nan
-0.0918184 nan
-0.0906181 nan
-0.0894179 nan
-0.0882176 nan
-0.0870174 nan
-0.0858172 nan
-0.0846169 nan
-0.0834167 nan
-0.0822164 nan
-0.0810162 nan
-0.079816 nan
-0.0786157 nan
-0.0774155 nan
-0.0762152 nan
-0.075015 nan
-0.0738148 nan
-0.0726145 nan
-0.0714143 nan
-0.070214 nan
-0.0690138 nan
-0.0678136 nan
-0.0666133 nan
-0.0654131 nan
-0.0642128 nan
-0.0630126 nan
-0.0618124 nan
-0.0606121 nan
-0.0594119 nan
-0.0582116 nan
-0.0570114 nan
-0.0558112 nan
-0.0546109 nan
-0.0534107 nan
-0.0522104 nan
-0.0510102 nan
-0.04981 nan
-0.0486097 nan
-0.0474095 nan
-0.0462092 nan
-0.045009 nan
-0.0438088 nan
-0.0426085 nan
-0.0414083 nan
-0.040208 nan
-0.0390078 nan
-0.0378076 nan
-0.0366073 nan
-0.0354071 nan
-0.0342068 nan
-0.0330066 nan
-0.0318064 nan
-0.0306061 nan
-0.0294059 nan
-0.0282056 nan
-0.0270054 nan
-0.0258052 nan
-0.0246049 nan
-0.0234047 nan
-0.0222044 nan
-0.0210042 nan
-0.019804 nan
-0.0186037 nan
-0.0174035 nan
-0.0162032 nan
-0.015003 nan
-0.0138028 nan
-0.0126025 nan
-0.0114023 nan
-0.010202 nan
-0.0090018 nan
-0.00780156 nan
-0.00660132 nan
-0.00540108 nan
-0.00420084 nan
-0.0030006 nan
-0.00180036 nan
-0.00060012 nan
0.00060012 nan
0.00180036 nan
0.0030006 nan
0.00420084 nan
0.00540108 nan
0.00660132 nan
0.00780156 nan
0.0090018 nan
0.010202 nan
0.0114023 nan
0.0126025 nan
0.0138028 nan
0.015003 nan
0.0162032 nan
0.0174035 nan
0.0186037 nan
0.019804 nan
0.0210042 nan
0.0222044 nan
0.0234047 nan
0.0246049 nan
0.0258052 nan
0.0270054 nan
0.0282056 nan
0.0294059 nan
0.0306061 nan
0.0318064 nan
0.0330066 nan
0.0342068 nan
0.0354071 nan
0.0366073 nan
0.0378076 nan
0.0390078 nan
0.040208 nan
0.0414083 nan
0.0426085 nan
0.0438088 nan
0.045009 nan
0.0462092 nan
0.0474095 nan
0.0486097 nan
0.04981 nan
0.0510102 nan
0.0522104 nan
0.0534107 nan
0.0546109 nan
0.0558112 nan
0.0570114 nan
0.0582116 nan
0.0594119 nan
0.0606121 nan
0.0618124 nan
0.0630126 nan
0.0642128 nan
0.0654131 nan
0.0666133 nan
0.0678136 nan
0.0690138 nan
0.070214 nan
0.0714143 nan
0.0726145 nan
0.0738148 nan
0.075015 nan
0.0762152 nan
0.0774155 nan
0.0786157 nan
0.079816 nan
0.0810162 nan
0.0822164 nan
0.0834167 nan
0.0846169 nan
0.0858172 nan
0.0870174 nan
0.0882176 nan
0.0894179 nan
0.0906181 nan
0.0918184 nan
0.0930186 nan
0.0942188 nan
0.0954191 nan
0.0966193 nan
0.0978196 nan
0.0990198 nan
0.10022 nan
0.10142 nan
0.102621 nan
0.103821 nan
0.105021 nan
0.106221 nan
0.107421 nan
0.108622 nan
0.109822 nan
0.111022 nan
0.112222 nan
0.113423 nan
0.114623 nan
0.115823 nan
0.117023 nan
0.118224 nan
0.119424 nan
0.120624 nan
0.121824 nan
0.123025 nan
0.124225 nan
0.125425 nan
0.126625 nan
0.127826 nan
0.129026 nan
0.130226 nan
0.131426 nan
0.132627 nan
0.133827 nan
0.135027 nan
0.136227 nan
0.137427 nan
0.138628 nan
0.139828 nan
0.141028 nan
0.142228 nan
0.143429 nan
0.144629 nan
0.145829 nan
0.147029 nan
0.14823 nan
0.14943 nan
0.15063 nan
0.15183 nan
0.153031 nan
0.154231 nan
0.155431 nan
0.156631 nan
0.157832 nan
0.159032 nan
0.160232 nan
0.161432 nan
0.162633 nan
0.163833 nan
0.165033 nan
0.166233 nan
0.167433 nan
0.168634 nan
0.169834 nan
0.171034 nan
0.172234 nan
0.173435 nan
0.174635 nan
0.175835 nan
0.177035 nan
0.178236 nan
0.179436 nan
0.180636 nan
0.181836 nan
0.183037 nan
0.184237 nan
0.185437 nan
0.186637 nan
0.187838 nan
0.189038 nan
0.190238 nan
0.191438 nan
0.192639 nan
0.193839 nan
0.195039 nan
0.196239 nan
0.197439 nan
0.19864 nan
0.19984 nan
0.20104 nan
0.20224 nan
0.203441 nan
0.204641 nan
0.205841 nan
0.207041 nan
0.208242 nan
0.209442 nan
0.210642 nan
0.211842 nan
0.213043 nan
0.214243 nan
0.215443 nan
0.216643 nan
0.217844 nan
0.219044 nan
0.220244 nan
0.221444 nan
0.222645 nan
0.223845 nan
0.225045 nan
0.226245 nan
0.227445 nan
0.228646 nan
0.229846 nan
0.231046 nan
0.232246 nan
0.233447 nan
0.234647 nan
0.235847 nan
0.237047 nan
0.238248 nan
0.239448 nan
0.240648 nan
0.241848 nan
0.243049 nan
0.244249 nan
0.245449 nan
0.246649 nan
0.24785 nan
0.24905 nan
0.25025 nan
0.25145 nan
0.252651 nan
0.253851 nan
0.255051 nan
0.256251 nan
0.257451 nan
0.258652 nan
0.259852 nan
0.261052 nan
0.262252 nan
0.263453 nan
0.264653 nan
0.265853 nan
0.267053 nan
0.268254 nan
0.269454 nan
0.270654 nan
0.271854 nan
0.273055 nan
0.274255 nan
0.275455 nan
0.276655 nan
0.277856 nan
0.279056 nan
0.280256 nan
0.281456 nan
0.282657 nan
0.283857 nan
0.285057 nan
0.286257 nan
0.287457 nan
0.288658 nan
0.289858 nan
0.291058 nan
0.292258 nan
0.293459 nan
0.294659 nan
0.295859 nan
0.297059 nan
0.29826 nan
0.29946 nan
0.30066 nan
0.30186 nan
0.303061 nan
0.304261 nan
0.305461 nan
0.306661 nan
0.307862 nan
0.309062 nan
0.310262 nan
0.311462 nan
0.312663 nan
0.313863 nan
0.315063 nan
0.316263 nan
0.317463 nan
0.318664 nan
0.319864 nan
0.321064 nan
0.322264 nan
0.323465 nan
0.324665 nan
0.325865 nan
0.327065 nan
0.328266 nan
0.329466 nan
0.330666 nan
0.331866 nan
0.333067 nan
0.334267 nan
0.335467 nan
0.336667 nan
0.337868 nan
0.339068 nan
0.340268 nan
0.341468 nan
0.342669 nan
0.343869 nan
0.345069 nan
0.346269 nan
0.347469 nan
0.34867 nan
0.34987 nan
0.35107 nan
0.35227 nan
0.353471 nan
0.354671 nan
0.355871 nan
0.357071 nan
0.358272 nan
0.359472 nan
0.360672 nan
0.361872 nan
0.363073 nan
0.364273 nan
0.365473 nan
0.366673 nan
0.367874 nan
0.369074 nan
0.370274 nan
0.371474 nan
0.372675 nan
0.373875 nan
0.375075 nan
0.376275 nan
0.377475 nan
0.378676 nan
0.379876 nan
0.381076 nan
0.382276 nan
0.383477 nan
0.384677 nan
0.385877 nan
0.387077 nan
0.388278 nan
0.389478 nan
0.390678 nan
0.391878 nan
0.393079 nan
0.394279 nan
0.395479 nan
0.396679 nan
0.39788 nan
0.39908 nan
0.40028 nan
0.40148 nan
0.402681 nan
0.403881 nan
0.405081 nan
0.406281 nan
0.407481 nan
0.408682 nan
0.409882 nan
0.411082 nan
0.412282 nan
0.413483 nan
0.414683 nan
0.415883 nan
0.417083 nan
0.418284 nan
0.419484 nan
0.420684 nan
0.421884 nan
0.423085 nan
0.424285 nan
0.425485 nan
0.426685 nan
0.427886 nan
0.429086 nan
0.430286 nan
0.431486 nan
0.432687 nan
0.433887 nan
0.435087 nan
0.436287 nan
0.437487 nan
0.438688 nan
0.439888 nan
0.441088 nan
0.442288 nan
0.443489 nan
0.444689 nan
0.445889 nan
0.447089 nan
0.44829 nan
0.44949 nan
0.45069 nan
0.45189 nan
0.453091 nan
0.454291 nan
0.455491 nan
0.456691 nan
0.457892 nan
0.459092 nan
0.460292 nan
0.461492 nan
0.462693 nan
0.463893 nan
0.465093 nan
0.466293 nan
0.467493 nan
0.468694 nan
0.469894 nan
0.471094 nan
0.472294 nan
0.473495 nan
0.474695 nan
0.475895 nan
0.477095 nan
0.478296 nan
0.479496 nan
0.480696 nan
0.481896 nan
0.483097 nan
0.484297 nan
0.485497 nan
0.486697 nan
0.487898 nan
0.489098 nan
0.490298 nan
0.491498 nan
0.492699 nan
0.493899 nan
0.495099 nan
0.496299 nan
0.497499 nan
0.4987 nan
0.4999 nan
0.5011 nan
0.5023 nan
0.503501 nan
0.504701 nan
0.505901 nan
0.507101 nan
0.508302 nan
0.509502 nan
0.510702 nan
0.511902 nan
0.513103 nan
0.514303 nan
0.515503 nan
0.516703 nan
0.517904 nan
0.519104 nan
0.520304 nan
0.521504 nan
0.522705 nan
0.523905 nan
0.525105 nan
0.526305 nan
0.527506 nan
0.528706 nan
0.529906 nan
0.531106 nan
0.532306 nan
0.533507 nan
0.534707 nan
0.535907 nan
0.537107 nan
0.538308 nan
0.539508 nan
0.540708 nan
0.541908 nan
0.543109 nan
0.544309 nan
0.545509 nan
0.546709 nan
0.54791 nan
0.54911 nan
0.55031 nan
0.55151 nan
0.552711 nan
0.553911 nan
0.555111 nan
0.556311 nan
0.557512 nan
0.558712 nan
0.559912 nan
0.561112 nan
0.562312 nan
0.563513 nan
0.564713 nan
0.565913 nan
0.567113 nan
0.568314 nan
0.569514 nan
0.570714 nan
0.571914 nan
0.573115 nan
0.574315 nan
0.575515 nan
0.576715 nan
0.577916 nan
0.579116 nan
0.580316 nan
0.581516 nan
0.582717 nan
0.583917 nan
0.585117 nan
0.586317 nan
0.587518 nan
0.588718 nan
0.589918 nan
0.591118 nan
0.592318 nan
0.593519 nan
0.594719 nan
0.595919 nan
0.597119 nan
0.59832 nan
0.59952 nan
0.60072 nan
0.60192 nan
0.603121 nan
0.604321 nan
0.605521 nan
0.606721 nan
0.607922 nan
0.609122 nan
0.610322 nan
0.611522 nan
0.612723 nan
0.613923 nan
0.615123 nan
0.616323 nan
0.617524 nan
0.618724 nan
0.619924 nan
0.621124 nan
0.622324 nan
0.623525 nan
0.624725 nan
0.625925 nan
0.627125 nan
0.628326 nan
0.629526 nan
0.630726 nan
0.631926 nan
0.633127 nan
0.634327 nan
0.635527 nan
0.636727 nan
0.637928 nan
0.639128 nan
0.640328 nan
0.641528 nan
0.642729 nan
0.643929 nan
0.645129 nan
0.646329 nan
0.64753 nan
0.64873 nan
0.64993 nan
0.65113 nan
0.65233 nan
0.653531 nan
0.654731 nan
0.655931 nan
0.657131 nan
0.658332 nan
0.659532 nan
0.660732 nan
0.661932 nan
0.663133 nan
0.664333 nan
0.665533 nan
0.666733 nan
0.667934 nan
0.669134 nan
0.670334 nan
0.671534 nan
0.672735 nan
0.673935 nan
0.675135 nan
0.676335 nan
0.677536 nan
0.678736 nan
0.679936 nan
0.681136 nan
0.682336 nan
0.683537 nan
0.684737 nan
0.685937 nan
0.687137 nan
0.688338 nan
0.689538 nan
0.690738 nan
0.691938 nan
0.693139 nan
0.694339 nan
0.695539 nan
0.696739 nan
0.69794 nan
0.69914 nan
0.70034 nan
0.70154 nan
0.702741 nan
0.703941 nan
0.705141 nan
0.706341 nan
0.707542 nan
0.708742 nan
0.709942 nan
0.711142 nan
0.712342 nan
0.713543 nan
0.714743 nan
0.715943 nan
0.717143 nan
0.718344 nan
0.719544 nan
0.720744 nan
0.721944 nan
0.723145 nan
0.724345 nan
0.725545 nan
0.726745 nan
0.727946 nan
0.729146 nan
0.730346 nan
0.731546 nan
0.732747 nan
0.733947 nan
0.735147 nan
0.736347 nan
0.737548 nan
0.738748 nan
0.739948 nan
0.741148 nan
0.742348 nan
0.743549 nan
0.744749 nan
0.745949 nan
0.747149 nan
0.74835 nan
0.74955 nan
0.75075 nan
0.75195 nan
0.753151 nan
0.754351 nan
0.755551 nan
0.756751 nan
0.757952 nan
0.759152 nan
0.760352 nan
0.761552 nan
0.762753 nan
0.763953 nan
0.765153 nan
0.766353 nan
0.767554 nan
0.768754 nan
0.769954 nan
0.771154 nan
0.772354 nan
0.773555 nan
0.774755 nan
0.775955 nan
0.777155 nan
0.778356 nan
0.779556 nan
0.780756 nan
0.781956 nan
0.783157 nan
0.784357 nan
0.785557 nan
0.786757 nan
0.787958 nan
0.789158 nan
0.790358 nan
0.791558 nan
0.792759 nan
0.793959 nan
0.795159 nan
0.796359 nan
0.79756 nan
0.79876 nan
0.79996 nan
0.80116 nan
0.80236 nan
0.803561 nan
0.804761 nan
0.805961 nan
0.807161 nan
0.808362 nan
0.809562 nan
0.810762 nan
0.811962 nan
0.813163 nan
0.814363 nan
0.815563 nan
0.816763 nan
0.817964 nan
0.819164 nan
0.820364 nan
0.821564 nan
0.822765 nan
0.823965 nan
0.825165 nan
0.826365 nan
0.827566 nan
0.828766 nan
0.829966 nan
0.831166 nan
0.832366 nan
0.833567 nan
0.834767 nan
0.835967 nan
0.837167 nan
0.838368 nan
0.839568 nan
0.840768 nan
0.841968 nan
0.843169 nan
0.844369 nan
0.845569 nan
0.846769 nan
0.84797 nan
0.84917 nan
0.85037 nan
0.85157 nan
0.852771 nan
0.853971 nan
0.855171 nan
0.856371 nan
0.857572 nan
0.858772 nan
0.859972 nan
0.861172 nan
0.862372 nan
0.863573 nan
0.864773 nan
0.865973 nan
0.867173 nan
0.868374 nan
0.869574 nan
0.870774 nan
0.871974 nan
0.873175 nan
0.874375 nan
0.875575 nan
0.876775 nan
0.877976 nan
0.879176 nan
0.880376 nan
0.881576 nan
0.882777 nan
0.883977 nan
0.885177 nan
0.886377 nan
0.887578 nan
0.888778 nan
0.889978 nan
0.891178 nan
0.892378 nan
0.893579 nan
0.894779 nan
0.895979 nan
0.897179 nan
0.89838 nan
0.89958 nan
0.90078 nan
0.90198 nan
0.903181 nan
0.904381 nan
0.905581 nan
0.906781 nan
0.907982 nan
0.909182 nan
0.910382 nan
0.911582 nan
0.912783 nan
0.913983 nan
0.915183 nan
0.916383 nan
0.917584 nan
0.918784 nan
0.919984 nan
0.921184 nan
0.922384 nan
0.923585 nan
0.924785 nan
0.925985 nan
0.927185 nan
0.928386 nan
0.929586 nan
0.930786 nan
0.931986 nan
0.933187 nan
0.934387 nan
0.935587 nan
0.936787 nan
0.937988 nan
0.939188 nan
0.940388 nan
0.941588 nan
0.942789 nan
0.943989 nan
0.945189 nan
0.946389 nan
0.94759 nan
0.94879 nan
0.94999 nan
0.95119 nan
0.95239 nan
0.953591 nan
0.954791 nan
0.955991 nan
0.957191 nan
0.958392 nan
0.959592 nan
0.960792 nan
0.961992 nan
0.963193 nan
0.964393 nan
0.965593 nan
0.966793 nan
0.967994 nan
0.969194 nan
0.970394 nan
0.971594 nan
0.972795 nan
0.973995 nan
0.975195 nan
0.976395 nan
0.977596 nan
0.978796 nan
0.979996 nan
0.981196 nan
0.982396 nan
0.983597 nan
0.984797 nan
0.985997 nan
0.987197 nan
0.988398 nan
0.989598 nan
0.990798 nan
0.991998 nan
0.993199 nan
0.994399 nan
0.995599 nan
0.996799 nan
0.998 nan
0.9992 nan
1.0004 nan
1.0016 nan
1.0028 nan
1.004 nan
1.0052 nan
1.0064 nan
1.0076 nan
1.0088 nan
1.01 nan
1.0112 nan
1.0124 nan
1.0136 nan
1.0148 nan
1.016 nan
1.0172 nan
1.0184 nan
1.0196 nan
1.0208 nan
1.022 nan
1.0232 nan
1.0244 nan
1.02561 nan
1.02681 nan
1.02801 nan
1.02921 nan
1.03041 nan
1.03161 nan
1.03281 nan
1.03401 nan
1.03521 nan
1.03641 nan
1.03761 nan
1.03881 nan
1.04001 nan
1.04121 nan
1.04241 nan
1.04361 nan
1.04481 nan
1.04601 nan
1.04721 nan
1.04841 nan
1.04961 nan
1.05081 nan
1.05201 nan
1.05321 nan
1.05441 nan
1.05561 nan
1.05681 nan
1.05801 nan
1.05921 nan
1.06041 nan
1.06161 nan
1.06281 nan
1.06401 nan
1.06521 nan
1.06641 nan
1.06761 nan
1.06881 nan
1.07001 nan
1.07121 nan
1.07241 nan
1.07361 nan
1.07481 nan
1.07602 nan
1.07722 nan
1.07842 nan
1.07962 nan
1.08082 nan
1.08202 nan
1.08322 nan
1.08442 nan
1.08562 nan
1.08682 nan
1.08802 nan
1.08922 nan
1.09042 nan
1.09162 nan
1.09282 nan
1.09402 nan
1.09522 nan
1.09642 nan
1.09762 nan
1.09882 nan
1.10002 nan
1.10122 nan
1.10242 nan
1.10362 nan
1.10482 nan
1.10602 nan
1.10722 nan
1.10842 nan
1.10962 nan
1.11082 nan
1.11202 nan
1.11322 nan
1.11442 nan
1.11562 nan
1.11682 nan
1.11802 nan
1.11922 nan
1.12042 nan
1.12162 nan
1.12282 nan
1.12402 nan
1.12523 nan
1.12643 nan
1.12763 nan
1.12883 nan
1.13003 nan
1.13123 nan
1.13243 nan
1.13363 nan
1.13483 nan
1.13603 nan
1.13723 nan
1.13843 nan
1.13963 nan
1.14083 nan
1.14203 nan
1.14323 nan
1.14443 nan
1.14563 nan
1.14683 nan
1.14803 nan
1.14923 nan
1.15043 nan
1.15163 nan
1.15283 nan
1.15403 nan
1.15523 nan
1.15643 nan
1.15763 nan
1.15883 nan
1.16003 nan
1.16123 nan
1.16243 nan
1.16363 nan
1.16483 nan
1.16603 nan
1.16723 nan
1.16843 nan
1.16963 nan
1.17083 nan
1.17203 nan
1.17323 nan
1.17443 nan
1.17564 nan
1.17684 nan
1.17804 nan
1.17924 nan
1.18044 nan
1.18164 nan
1.18284 nan
1.18404 nan
1.18524 nan
1.18644 nan
1.18764 nan
1.18884 nan
1.19004 nan
1.19124 nan
1.19244 nan
1.19364 nan
1.19484 nan
1.19604 nan
1.19724 nan
1.19844 nan
1.19964 nan
1.20084 nan
1.20204 nan
1.20324 nan
1.20444 nan
1.20564 nan
1.20684 nan
1.20804 nan
1.20924 nan
1.21044 nan
1.21164 nan
1.21284 nan
1.21404 nan
1.21524 nan
1.21644 nan
1.21764 nan
1.21884 nan
1.22004 nan
1.22124 nan
1.22244 nan
1.22364 nan
1.22484 nan
1.22605 nan
1.22725 nan
1.22845 nan
1.22965 nan
1.23085 nan
1.23205 nan
1.23325 nan
1.23445 nan
1.23565 nan
1.23685 nan
1.23805 nan
1.23925 nan
1.24045 nan
1.24165 nan
1.24285 nan
1.24405 nan
1.24525 nan
1.24645 nan
1.24765 nan
1.24885 nan
1.25005 nan
1.25125 nan
1.25245 nan
1.25365 nan
1.25485 nan
1.25605 nan
1.25725 nan
1.25845 nan
1.25965 nan
1.26085 nan
1.26205 nan
1.26325 nan
1.26445 nan
1.26565 nan
1.26685 nan
1.26805 nan
1.26925 nan
1.27045 nan
1.27165 nan
1.27285 nan
1.27405 nan
1.27526 nan
1.27646 nan
1.27766 nan
1.27886 nan
1.28006 nan
1.28126 nan
1.28246 nan
1.28366 nan
1.28486 nan
1.28606 nan
1.28726 nan
1.28846 nan
1.28966 nan
1.29086 nan
1.29206 nan
1.29326 nan
1.29446 nan
1.29566 nan
1.29686 nan
1.29806 nan
1.29926 nan
1.30046 nan
1.30166 nan
1.30286 nan
1.30406 nan
1.30526 nan
1.30646 nan
1.30766 nan
1.30886 nan
1.31006 nan
1.31126 nan
1.31246 nan
1.31366 nan
1.31486 nan
1.31606 nan
1.31726 nan
1.31846 nan
1.31966 nan
1.32086 nan
1.32206 nan
1.32326 nan
1.32446 nan
1.32567 nan
1.32687 nan
1.32807 nan
1.32927 nan
1.33047 nan
1.33167 nan
1.33287 nan
1.33407 nan
1.33527 nan
1.33647 nan
1.33767 nan
1.33887 nan
1.34007 nan
1.34127 nan
1.34247 nan
1.34367 nan
1.34487 nan
1.34607 nan
1.34727 nan
1.34847 nan
1.34967 nan
1.35087 nan
1.35207 nan
1.35327 nan
1.35447 nan
1.35567 nan
1.35687 nan
1.35807 nan
1.35927 nan
1.36047 nan
1.36167 nan
1.36287 nan
1.36407 nan
1.36527 nan
1.36647 nan
1.36767 nan
1.36887 nan
1.37007 nan
1.37127 nan
1.37247 nan
1.37367 nan
1.37487 nan
1.37608 nan
1.37728 nan
1.37848 nan
1.37968 nan
1.38088 nan
1.38208 nan
1.38328 nan
1.38448 nan
1.38568 nan
1.38688 nan
1.38808 nan
1.38928 nan
1.39048 nan
1.39168 nan
1.39288 nan
1.39408 nan
1.39528 nan
1.39648 nan
1.39768 nan
1.39888 nan
1.40008 nan
1.40128 nan
1.40248 nan
1.40368 nan
1.40488 nan
1.40608 nan
1.40728 nan
1.40848 nan
1.40968 nan
1.41088 nan
1.41208 nan
1.41328 nan
1.41448 nan
1.41568 nan
1.41688 nan
1.41808 nan
1.41928 nan
1.42048 nan
1.42168 nan
1.42288 nan
1.42408 nan
1.42529 nan
1.42649 nan
1.42769 nan
1.42889 nan
1.43009 nan
1.43129 nan
1.43249 nan
1.43369 nan
1.43489 nan
1.43609 nan
1.43729 nan
1.43849 nan
1.43969 nan
1.44089 nan
1.44209 nan
1.44329 nan
1.44449 nan
1.44569 nan
1.44689 nan
1.44809 nan
1.44929 nan
1.45049 nan
1.45169 nan
1.45289 nan
1.45409 nan
1.45529 nan
1.45649 nan
1.45769 nan
1.45889 nan
1.46009 nan
1.46129 nan
1.46249 nan
1.46369 nan
1.46489 nan
1.46609 nan
1.46729 nan
1.46849 nan
1.46969 nan
1.47089 nan
1.47209 nan
1.47329 nan
1.47449 nan
1.4757 nan
1.4769 nan
1.4781 nan
1.4793 nan
1.4805 nan
1.4817 nan
1.4829 nan
1.4841 nan
1.4853 nan
1.4865 nan
1.4877 nan
1.4889 nan
1.4901 nan
1.4913 nan
1.4925 nan
1.4937 nan
1.4949 nan
1.4961 nan
1.4973 nan
1.4985 nan
1.4997 nan
1.5009 nan
1.5021 nan
1.5033 nan
1.5045 nan
1.5057 nan
1.5069 nan
1.5081 nan
1.5093 nan
1.5105 nan
1.5117 nan
1.5129 nan
1.5141 nan
1.5153 nan
1.5165 nan
1.5177 nan
1.5189 nan
1.5201 nan
1.5213 nan
1.5225 nan
1.5237 nan
1.5249 nan
1.52611 nan
1.52731 nan
1.52851 nan
1.52971 nan
1.53091 nan
1.53211 nan
1.53331 nan
1.53451 nan
1.53571 nan
1.53691 nan
1.53811 nan
1.53931 nan
1.54051 nan
1.54171 nan
1.54291 nan
1.54411 nan
1.54531 nan
1.54651 nan
1.54771 nan
1.54891 nan
1.55011 nan
1.55131 nan
1.55251 nan
1.55371 nan
1.55491 nan
1.55611 nan
1.55731 nan
1.55851 nan
1.55971 nan
1.56091 nan
1.56211 nan
1.56331 nan
1.56451 nan
1.56571 nan
1.56691 nan
1.56811 nan
1.56931 nan
1.57051 nan
1.57171 nan
1.57291 nan
1.57411 nan
1.57532 nan
1.57652 nan
1.57772 nan
1.57892 nan
1.58012 nan
1.58132 nan
1.58252 nan
1.58372 nan
1.58492 nan
1.58612 nan
1.58732 nan
1.58852 nan
1.58972 nan
1.59092 nan
1.59212 nan
1.59332 nan
1.59452 nan
1.59572 nan
1.59692 nan
1.59812 nan
1.59932 nan
1.60052 nan
1.60172 nan
1.60292 nan
1.60412 nan
1.60532 nan
1.60652 nan
1.60772 nan
1.60892 nan
1.61012 nan
1.61132 nan
1.61252 nan
1.61372 nan
1.61492 nan
1.61612 nan
1.61732 nan
1.61852 nan
1.61972 nan
1.62092 nan
1.62212 nan
1.62332 nan
1.62452 nan
1.62573 nan
1.62693 nan
1.62813 nan
1.62933 nan
1.63053 nan
1.63173 nan
1.63293 nan
1.63413 nan
1.63533 nan
1.63653 nan
1.63773 nan
1.63893 nan
1.64013 nan
1.64133 nan
1.64253 nan
1.64373 nan
1.64493 nan
1.64613 nan
1.64733 nan
1.64853 nan
1.64973 nan
1.65093 nan
1.65213 nan
1.65333 nan
1.65453 nan
1.65573 nan
1.65693 nan
1.65813 nan
1.65933 nan
1.66053 nan
1.66173 nan
1.66293 nan
1.66413 nan
1.66533 nan
1.66653 nan
1.66773 nan
1.66893 nan
1.67013 nan
1.67133 nan
1.67253 nan
1.67373 nan
1.67493 nan
1.67614 nan
1.67734 nan
1.67854 nan
1.67974 nan
1.68094 nan
1.68214 nan
1.68334 nan
1.68454 nan
1.68574 nan
1.68694 nan
1.68814 nan
1.68934 nan
1.69054 nan
1.69174 nan
1.69294 nan
1.69414 nan
1.69534 nan
1.69654 nan
1.69774 nan
1.69894 nan
1.70014 nan
1.70134 nan
1.70254 nan
1.70374 nan
1.70494 nan
1.70614 nan
1.70734 nan
1.70854 nan
1.70974 nan
1.71094 nan
1.71214 nan
1.71334 nan
1.71454 nan
1.71574 nan
1.71694 nan
1.71814 nan
1.71934 nan
1.72054 nan
1.72174 nan
1.72294 nan
1.72414 nan
1.72535 nan
1.72655 nan
1.72775 nan
1.72895 nan
1.73015 nan
1.73135 nan
1.73255 nan
1.73375 nan
1.73495 nan
1.73615 nan
1.73735 nan
1.73855 nan
1.73975 nan
1.74095 nan
1.74215 nan
1.74335 nan
1.74455 nan
1.74575 nan
1.74695 nan
1.74815 nan
1.74935 nan
1.75055 nan
1.75175 nan
1.75295 nan
1.75415 nan
1.75535 nan
1.75655 nan
1.75775 nan
1.75895 nan
1.76015 nan
1.76135 nan
1.76255 nan
1.76375 nan
1.76495 nan
1.76615 nan
1.76735 nan
1.76855 nan
1.76975 nan
1.77095 nan
1.77215 nan
1.77335 nan
1.77455 nan
1.77576 nan
1.77696 nan
1.77816 nan
1.77936 nan
1.78056 nan
1.78176 nan
1.78296 nan
1.78416 nan
1.78536 nan
1.78656 nan
1.78776 nan
1.78896 nan
1.79016 nan
1.79136 nan
1.79256 nan
1.79376 nan
1.79496 nan
1.79616 nan
1.79736 nan
1.79856 nan
1.79976 nan
1.80096 nan
1.80216 nan
1.80336 nan
1.80456 nan
1.80576 nan
1.80696 nan
1.80816 nan
1.80936 nan
1.81056 nan
1.81176 nan
1.81296 nan
1.81416 nan
1.81536 nan
1.81656 nan
1.81776 nan
1.81896 nan
1.82016 nan
1.82136 nan
1.82256 nan
1.82376 nan
1.82496 nan
1.82617 nan
1.82737 nan
1.82857 nan
1.82977 nan
1.83097 nan
1.83217 nan
1.83337 nan
1.83457 nan
1.83577 nan
1.83697 nan
1.83817 nan
1.83937 nan
1.84057 nan
1.84177 nan
1.84297 nan
1.84417 nan
1.84537 nan
1.84657 nan
1.84777 nan
1.84897 nan
1.85017 nan
1.85137 nan
1.85257 nan
1.85377 nan
1.85497 nan
1.85617 nan
1.85737 nan
1.85857 nan
1.85977 nan
1.86097 nan
1.86217 nan
1.86337 nan
1.86457 nan
1.86577 nan
1.86697 nan
1.86817 nan
1.86937 nan
1.87057 nan
1.87177 nan
1.87297 nan
1.87417 nan
1.87538 nan
1.87658 nan
1.87778 nan
1.87898 nan
1.88018 nan
1.88138 nan
1.88258 nan
1.88378 nan
1.88498 nan
1.88618 nan
1.88738 nan
1.88858 nan
1.88978 nan
1.89098 nan
1.89218 nan
1.89338 nan
1.89458 nan
1.89578 nan
1.89698 nan
1.89818 nan
1.89938 nan
1.90058 nan
1.90178 nan
1.90298 nan
1.90418 nan
1.90538 nan
1.90658 nan
1.90778 nan
1.90898 nan
1.91018 nan
1.91138 nan
1.91258 nan
1.91378 nan
1.91498 nan
1.91618 nan
1.91738 nan
1.91858 nan
1.91978 nan
1.92098 nan
1.92218 nan
1.92338 nan
1.92458 nan
1.92579 nan
1.92699 nan
1.92819 nan
1.92939 nan
1.93059 nan
1.93179 nan
1.93299 nan
1.93419 nan
1.93539 nan
1.93659 nan
1.93779 nan
1.93899 nan
1.94019 nan
1.94139 nan
1.94259 nan
1.94379 nan
1.94499 nan
1.94619 nan
1.94739 nan
1.94859 nan
1.94979 nan
1.95099 nan
1.95219 nan
1.95339 nan
1.95459 nan
1.95579 nan
1.95699 nan
1.95819 nan
1.95939 nan
1.96059 nan
1.96179 nan
1.96299 nan
1.96419 nan
1.96539 nan
1.96659 nan
1.96779 nan
1.96899 nan
1.97019 nan
1.97139 nan
1.97259 nan
1.97379 nan
1.97499 nan
1.9762 nan
1.9774 nan
1.9786 nan
1.9798 nan
1.981 nan
1.9822 nan
1.9834 nan
1.9846 nan
1.9858 nan
1.987 nan
1.9882 nan
1.9894 nan
1.9906 nan
1.9918 nan
1.993 nan
1.9942 nan
1.9954 nan
1.9966 nan
1.9978 nan
1.999 nan
2.0002 nan
2.0014 nan
2.0026 nan
2.0038 nan
2.005 nan
2.0062 nan
2.0074 nan
2.0086 nan
2.0098 nan
2.011 nan
2.0122 nan
2.0134 nan
2.0146 nan
2.0158 nan
2.017 nan
2.0182 nan
2.0194 nan
2.0206 nan
2.0218 nan
2.023 nan
2.0242 nan
2.02541 nan
2.02661 nan
2.02781 nan
2.02901 nan
2.03021 nan
2.03141 nan
2.03261 nan
2.03381 nan
2.03501 nan
2.03621 nan
2.03741 nan
2.03861 nan
2.03981 nan
2.04101 nan
2.04221 nan
2.04341 nan
2.04461 nan
2.04581 nan
2.04701 nan
2.04821 nan
2.04941 nan
2.05061 nan
2.05181 nan
2.05301 nan
2.05421 nan
2.05541 nan
2.05661 nan
2.05781 nan
2.05901 nan
2.06021 nan
2.06141 nan
2.06261 nan
2.06381 nan
2.06501 nan
2.06621 nan
2.06741 nan
2.06861 nan
2.06981 nan
2.07101 nan
2.07221 nan
2.07341 nan
2.07461 nan
2.07582 nan
2.07702 nan
2.07822 nan
2.07942 nan
2.08062 nan
2.08182 nan
2.08302 nan
2.08422 nan
2.08542 nan
2.08662 nan
2.08782 nan
2.08902 nan
2.09022 nan
2.09142 nan
2.09262 nan
2.09382 nan
2.09502 nan
2.09622 nan
2.09742 nan
2.09862 nan
2.09982 nan
2.10102 nan
2.10222 nan
2.10342 nan
2.10462 nan
2.10582 nan
2.10702 nan
2.10822 nan
2.10942 nan
2.11062 nan
2.11182 nan
2.11302 nan
2.11422 nan
2.11542 nan
2.11662 nan
2.11782 nan
2.11902 nan
2.12022 nan
2.12142 nan
2.12262 nan
2.12382 nan
2.12503 nan
2.12623 nan
2.12743 nan
2.12863 nan
2.12983 nan
2.13103 nan
2.13223 nan
2.13343 nan
2.13463 nan
2.13583 nan
2.13703 nan
2.13823 nan
2.13943 nan
2.14063 nan
2.14183 nan
2.14303 nan
2.14423 nan
2.14543 nan
2.14663 nan
2.14783 nan
2.14903 nan
2.15023 nan
2.15143 nan
2.15263 nan
2.15383 nan
2.15503 nan
2.15623 nan
2.15743 nan
2.15863 nan
2.15983 nan
2.16103 nan
2.16223 nan
2.16343 nan
2.16463 nan
2.16583 nan
2.16703 nan
2.16823 nan
2.16943 nan
2.17063 nan
2.17183 nan
2.17303 nan
2.17423 nan
2.17544 nan
2.17664 nan
2.17784 nan
2.17904 nan
2.18024 nan
2.18144 nan
2.18264 nan
2.18384 nan
2.18504 nan
2.18624 nan
2.18744 nan
2.18864 nan
2.18984 nan
2.19104 nan
2.19224 nan
2.19344 nan
2.19464 nan
2.19584 nan
2.19704 nan
2.19824 nan
2.19944 nan
2.20064 nan
2.20184 nan
2.20304 nan
2.20424 nan
2.20544 nan
2.20664 nan
2.20784 nan
2.20904 nan
2.21024 nan
2.21144 nan
2.21264 nan
2.21384 nan
2.21504 nan
2.21624 nan
2.21744 nan
2.21864 nan
2.21984 nan
2.22104 nan
2.22224 nan
2.22344 nan
2.22464 nan
2.22585 nan
2.22705 nan
2.22825 nan
2.22945 nan
2.23065 nan
2.23185 nan
2.23305 nan
2.23425 nan
2.23545 nan
2.23665 nan
2.23785 nan
2.23905 nan
2.24025 nan
2.24145 nan
2.24265 nan
2.24385 nan
2.24505 nan
2.24625 nan
2.24745 nan
2.24865 nan
2.24985 nan
2.25105 nan
2.25225 nan
2.25345 nan
2.25465 nan
2.25585 nan
2.25705 nan
2.25825 nan
2.25945 nan
2.26065 nan
2.26185 nan
2.26305 nan
2.26425 nan
2.26545 nan
2.26665 nan
2.26785 nan
2.26905 nan
2.27025 nan
2.27145 nan
2.27265 nan
2.27385 nan
2.27506 nan
2.27626 nan
2.27746 nan
2.27866 nan
2.27986 nan
2.28106 nan
2.28226 nan
2.28346 nan
2.28466 nan
2.28586 nan
2.28706 nan
2.28826 nan
2.28946 nan
2.29066 nan
2.29186 nan
2.29306 nan
2.29426 nan
2.29546 nan
2.29666 nan
2.29786 nan
2.29906 nan
2.30026 nan
2.30146 nan
2.30266 nan
2.30386 nan
2.30506 nan
2.30626 nan
2.30746 nan
2.30866 nan
2.30986 nan
2.31106 nan
2.31226 nan
2.31346 nan
2.31466 nan
2.31586 nan
2.31706 nan
2.31826 nan
2.31946 nan
2.32066 nan
2.32186 nan
2.32306 nan
2.32426 nan
2.32547 nan
2.32667 nan
2.32787 nan
2.32907 nan
2.33027 nan
2.33147 nan
2.33267 nan
2.33387 nan
2.33507 nan
2.33627 nan
2.33747 nan
2.33867 nan
2.33987 nan
2.34107 nan
2.34227 nan
2.34347 nan
2.34467 nan
2.34587 nan
2.34707 nan
2.34827 nan
2.34947 nan
2.35067 nan
2.35187 nan
2.35307 nan
2.35427 nan
2.35547 nan
2.35667 nan
2.35787 nan
2.35907 nan
2.36027 nan
2.36147 nan
2.36267 nan
2.36387 nan
2.36507 nan
2.36627 nan
2.36747 nan
2.36867 nan
2.36987 nan
2.37107 nan
2.37227 nan
2.37347 nan
2.37467 nan
2.37588 nan
2.37708 nan
2.37828 nan
2.37948 nan
2.38068 nan
2.38188 nan
2.38308 nan
2.38428 nan
2.38548 nan
2.38668 nan
2.38788 nan
2.38908 nan
2.39028 nan
2.39148 nan
2.39268 nan
2.39388 nan
2.39508 nan
2.39628 nan
2.39748 nan
2.39868 nan
2.39988 nan
2.40108 nan
2.40228 nan
2.40348 nan
2.40468 nan
2.40588 nan
2.40708 nan
2.40828 nan
2.40948 nan
2.41068 nan
2.41188 nan
2.41308 nan
2.41428 nan
2.41548 nan
2.41668 nan
2.41788 nan
2.41908 nan
2.42028 nan
2.42148 nan
2.42268 nan
2.42388 nan
2.42509 nan
2.42629 nan
2.42749 nan
2.42869 nan
2.42989 nan
2.43109 nan
2.43229 nan
2.43349 nan
2.43469 nan
2.43589 nan
2.43709 nan
2.43829 nan
2.43949 nan
2.44069 nan
2.44189 nan
2.44309 nan
2.44429 nan
2.44549 nan
2.44669 nan
2.44789 nan
2.44909 nan
2.45029 nan
2.45149 nan
2.45269 nan
2.45389 nan
2.45509 nan
2.45629 nan
2.45749 nan
2.45869 nan
2.45989 nan
2.46109 nan
2.46229 nan
2.46349 nan
2.46469 nan
2.46589 nan
2.46709 nan
2.46829 nan
2.46949 nan
2.47069 nan
2.47189 nan
2.47309 nan
2.47429 nan
2.4755 nan
2.4767 nan
2.4779 nan
2.4791 nan
2.4803 nan
2.4815 nan
2.4827 nan
2.4839 nan
2.4851 nan
2.4863 nan
2.4875 nan
2.4887 nan
2.4899 nan
2.4911 nan
2.4923 nan
2.4935 nan
2.4947 nan
2.4959 nan
2.4971 nan
2.4983 nan
2.4995 nan
2.5007 nan
2.5019 nan
2.5031 nan
2.5043 nan
2.5055 nan
2.5067 nan
2.5079 nan
2.5091 nan
2.5103 nan
2.5115 nan
2.5127 nan
2.5139 nan
2.5151 nan
2.5163 nan
2.5175 nan
2.5187 nan
2.5199 nan
2.5211 nan
2.5223 nan
2.5235 nan
2.5247 nan
2.52591 nan
2.52711 nan
2.52831 nan
2.52951 nan
2.53071 nan
2.53191 nan
2.53311 nan
2.53431 nan
2.53551 nan
2.53671 nan
2.53791 nan
2.53911 nan
2.54031 nan
2.54151 nan
2.54271 nan
2.54391 nan
2.54511 nan
2.54631 nan
2.54751 nan
2.54871 nan
2.54991 nan
2.55111 nan
2.55231 nan
2.55351 nan
2.55471 nan
2.55591 nan
2.55711 nan
2.55831 nan
2.55951 nan
2.56071 nan
2.56191 nan
2.56311 nan
2.56431 nan
2.56551 nan
2.56671 nan
2.56791 nan
2.56911 nan
2.57031 nan
2.57151 nan
2.57271 nan
2.57391 nan
2.57512 nan
2.57632 nan
2.57752 nan
2.57872 nan
2.57992 nan
2.58112 nan
2.58232 nan
2.58352 nan
2.58472 nan
2.58592 nan
2.58712 nan
2.58832 nan
2.58952 nan
2.59072 nan
2.59192 nan
2.59312 nan
2.59432 nan
2.59552 nan
2.59672 nan
2.59792 nan
2.59912 nan
2.60032 nan
2.60152 nan
2.60272 nan
2.60392 nan
2.60512 nan
2.60632 nan
2.60752 nan
2.60872 nan
2.60992 nan
2.61112 nan
2.61232 nan
2.61352 nan
2.61472 nan
2.61592 nan
2.61712 nan
2.61832 nan
2.61952 nan
2.62072 nan
2.62192 nan
2.62312 nan
2.62432 nan
2.62553 nan
2.62673 nan
2.62793 nan
2.62913 nan
2.63033 nan
2.63153 nan
2.63273 nan
2.63393 nan
2.63513 nan
2.63633 nan
2.63753 nan
2.63873 nan
2.63993 nan
2.64113 nan
2.64233 nan
2.64353 nan
2.64473 nan
2.64593 nan
2.64713 nan
2.64833 nan
2.64953 nan
2.65073 nan
2.65193 nan
2.65313 nan
2.65433 nan
2.65553 nan
2.65673 nan
2.65793 nan
2.65913 nan
2.66033 nan
2.66153 nan
2.66273 nan
2.66393 nan
2.66513 nan
2.66633 nan
2.66753 nan
2.66873 nan
2.66993 nan
2.67113 nan
2.67233 nan
2.67353 nan
2.67473 nan
2.67594 nan
2.67714 nan
2.67834 nan
2.67954 nan
2.68074 nan
2.68194 nan
2.68314 nan
2.68434 nan
2.68554 nan
2.68674 nan
2.68794 nan
2.68914 nan
2.69034 nan
2.69154 nan
2.69274 nan
2.69394 nan
2.69514 nan
2.69634 nan
2.69754 nan
2.69874 nan
2.69994 nan
2.70114 nan
2.70234 nan
2.70354 nan
2.70474 nan
2.70594 nan
2.70714 nan
2.70834 nan
2.70954 nan
2.71074 nan
2.71194 nan
2.71314 nan
2.71434 nan
2.71554 nan
2.71674 nan
2.71794 nan
2.71914 nan
2.72034 nan
2.72154 nan
2.72274 nan
2.72394 nan
2.72515 nan
2.72635 nan
2.72755 nan
2.72875 nan
2.72995 nan
2.73115 nan
2.73235 nan
2.73355 nan
2.73475 nan
2.73595 nan
2.73715 nan
2.73835 nan
2.73955 nan
2.74075 nan
2.74195 nan
2.74315 nan
2.74435 nan
2.74555 nan
2.74675 nan
2.74795 nan
2.74915 nan
2.75035 nan
2.75155 nan
2.75275 nan
2.75395 nan
2.75515 nan
2.75635 nan
2.75755 nan
2.75875 nan
2.75995 nan
2.76115 nan
2.76235 nan
2.76355 nan
2.76475 nan
2.76595 nan
2.76715 nan
2.76835 nan
2.76955 nan
2.77075 nan
2.77195 nan
2.77315 nan
2.77435 nan
2.77556 nan
2.77676 nan
2.77796 nan
2.77916 nan
2.78036 nan
2.78156 nan
2.78276 nan
2.78396 nan
2.78516 nan
2.78636 nan
2.78756 nan
2.78876 nan
2.78996 nan
2.79116 nan
2.79236 nan
2.79356 nan
2.79476 nan
2.79596 nan
2.79716 nan
2.79836 nan
2.79956 nan
2.80076 nan
2.80196 nan
2.80316 nan
2.80436 nan
2.80556 nan
2.80676 nan
2.80796 nan
2.80916 nan
2.81036 nan
2.81156 nan
2.81276 nan
2.81396 nan
2.81516 nan
2.81636 nan
2.81756 nan
2.81876 nan
2.81996 nan
2.82116 nan
2.82236 nan
2.82356 nan
2.82476 nan
2.82597 nan
2.82717 nan
2.82837 nan
2.82957 nan
2.83077 nan
2.83197 nan
2.83317 nan
2.83437 nan
2.83557 nan
2.83677 nan
2.83797 nan
2.83917 nan
2.84037 nan
2.84157 nan
2.84277 nan
2.84397 nan
2.84517 nan
2.84637 nan
2.84757 nan
2.84877 nan
2.84997 nan
2.85117 nan
2.85237 nan
2.85357 nan
2.85477 nan
2.85597 nan
2.85717 nan
2.85837 nan
2.85957 nan
2.86077 nan
2.86197 nan
2.86317 nan
2.86437 nan
2.86557 nan
2.86677 nan
2.86797 nan
2.86917 nan
2.87037 nan
2.87157 nan
2.87277 nan
2.87397 nan
2.87518 nan
2.87638 nan
2.87758 nan
2.87878 nan
2.87998 nan
2.88118 nan
2.88238 nan
2.88358 nan
2.88478 nan
2.88598 nan
2.88718 nan
2.88838 nan
2.88958 nan
2.89078 nan
2.89198 nan
2.89318 nan
2.89438 nan
2.89558 nan
2.89678 nan
2.89798 nan
2.89918 nan
2.90038 nan
2.90158 nan
2.90278 nan
2.90398 nan
2.90518 nan
2.90638 nan
2.90758 nan
2.90878 nan
2.90998 nan
2.91118 nan
2.91238 nan
2.91358 nan
2.91478 nan
2.91598 nan
2.91718 nan
2.91838 nan
2.91958 nan
2.92078 nan
2.92198 nan
2.92318 nan
2.92438 nan
2.92559 nan
2.92679 nan
2.92799 nan
2.92919 nan
2.93039 nan
2.93159 nan
2.93279 nan
2.93399 nan
2.93519 nan
2.93639 nan
2.93759 nan
2.93879 nan
2.93999 nan
2.94119 nan
2.94239 nan
2.94359 nan
2.94479 nan
2.94599 nan
2.94719 nan
2.94839 nan
2.94959 nan
2.95079 nan
2.95199 nan
2.95319 nan
2.95439 nan
2.95559 nan
2.95679 nan
2.95799 nan
2.95919 nan
2.96039 nan
2.96159 nan
2.96279 nan
2.96399 nan
2.96519 nan
2.96639 nan
2.96759 nan
2.96879 nan
2.96999 nan
2.97119 nan
2.97239 nan
2.97359 nan
2.97479 nan
2.976 nan
2.9772 nan
2.9784 nan
2.9796 nan
2.9808 nan
2.982 nan
2.9832 nan
2.9844 nan
2.9856 nan
2.9868 nan
2.988 nan
2.9892 nan
2.9904 nan
2.9916 nan
2.9928 nan
2.994 nan
2.9952 nan
2.9964 nan
2.9976 nan
2.9988 nan
3 nan
