1e-05 9.999e-05
1.05474e-05 0.000100537
1.10826e-05 0.000101072
1.16345e-05 0.000101624
1.22137e-05 0.000102203
1.28253e-05 0.000102815
1.34728e-05 0.000103462
1.41591e-05 0.000104148
1.48869e-05 0.000104876
1.56594e-05 0.000105648
1.64796e-05 0.000106468
1.7351e-05 0.000107339
1.82773e-05 0.000108265
1.92625e-05 0.00010925
2.03111e-05 0.000110298
2.14277e-05 0.000111414
2.26174e-05 0.000112604
2.38858e-05 0.000113872
2.5239e-05 0.000115224
2.66835e-05 0.000116668
2.82266e-05 0.000118211
2.98759e-05 0.000119859
3.164e-05 0.000121623
3.35282e-05 0.00012351
3.55507e-05 0.000125531
3.77184e-05 0.000127698
4.00435e-05 0.000130022
4.25394e-05 0.000132517
4.52204e-05 0.000135196
4.81027e-05 0.000138077
5.12037e-05 0.000141176
5.45427e-05 0.000144513
5.81409e-05 0.000148109
6.20216e-05 0.000151988
6.62107e-05 0.000156174
7.07365e-05 0.000160697
7.56305e-05 0.000165587
8.09274e-05 0.000170881
8.66658e-05 0.000176615
9.28883e-05 0.000182832
9.96423e-05 0.000189581
0.00010698 0.000196914
0.000114962 0.000204888
0.000123651 0.00021357
0.000133121 0.000223032
0.000143454 0.000233355
0.000154741 0.000244631
0.000167084 0.000256961
0.000180597 0.00027046
0.00019541 0.000285257
0.000211666 0.000301496
0.000229531 0.000319339
0.000249188 0.000338972
0.000270845 0.000360601
0.00029474 0.000384464
0.00032114 0.000410826
0.00035035 0.000439993
0.000382717 0.00047231
0.000418638 0.000508172
0.000458566 0.00054803
0.000503019 0.000592402
0.000552595 0.000641881
0.000607978 0.000697149
0.00066996 0.000758995
0.000739458 0.000828329
0.000817531 0.000906206
0.000905416 0.000993853
0.00100455 0.0010927
0.00111662 0.00120442
0.00124361 0.00133098
0.00138785 0.00147468
0.0015521 0.00163828
0.00173967 0.00182503
0.0019545 0.00203882
0.00220134 0.00228436
0.00248599 0.00256734
0.00281556 0.00289478
0.0031989 0.00327536
0.0036472 0.00372005
0.00417491 0.00424299
0.0048012 0.00486287
0.00555251 0.00560547
0.00646746 0.00650826
0.00760748 0.00763079
0.00908618 0.00908292
0.011193 0.0111444
0.0144781 0.0143412
0.0174931 0.0172565
0.0204357 0.0200848
0.0233585 0.0228773
0.0263192 0.0256891
0.0293528 0.0285525
0.0324786 0.0314847
0.0357078 0.0344942
0.0390468 0.0375853
0.0424997 0.0407596
0.0460689 0.0440175
0.0497566 0.0473583
0.0535639 0.0507812
0.057492 0.0542846
0.061542 0.057867
0.0657145 0.0615267
0.0700105 0.0652616
0.0744308 0.0690699
0.078976 0.0729495
0.0836471 0.0768983
0.0884449 0.0809142
0.0933703 0.0849951
0.0984242 0.0891387
0.103608 0.0933428
0.108922 0.0976052
0.114368 0.101924
0.119946 0.106296
0.125659 0.110719
0.131507 0.115192
0.137492 0.119711
0.143615 0.124274
0.149877 0.128879
0.156281 0.133523
0.162827 0.138203
0.169517 0.142918
0.176353 0.147664
0.183335 0.152438
0.190467 0.157238
0.197749 0.162061
0.205183 0.166904
0.21277 0.171764
0.220513 0.176637
0.228411 0.18152
0.236468 0.186411
0.244682 0.191305
0.253057 0.196199
0.261593 0.201089
0.270289 0.205971
0.279148 0.210841
0.288169 0.215696
0.297351 0.220531
0.306695 0.225342
0.3162 0.230124
0.325865 0.234873
0.335688 0.239584
0.345668 0.244254
0.355802 0.248876
0.366088 0.253446
0.376523 0.257961
0.387104 0.262415
0.397827 0.266804
0.408689 0.271124
0.419685 0.275371
0.430812 0.27954
0.442065 0.283628
0.453439 0.287632
0.464931 0.291548
0.476535 0.295374
0.488249 0.299106
0.500067 0.302743
0.511986 0.306283
0.524003 0.309724
0.536113 0.313064
0.548314 0.316303
0.560604 0.319438
0.572979 0.322471
0.585437 0.325399
0.597977 0.328224
0.610596 0.330944
0.623294 0.333561
0.63607 0.336073
0.648923 0.338482
0.661851 0.340787
0.674856 0.34299
0.687936 0.345091
0.701092 0.347091
0.714324 0.348989
0.727633 0.350788
0.741019 0.352488
0.754483 0.354089
0.768026 0.355593
0.781648 0.357
0.795351 0.358311
0.809136 0.359527
0.823004 0.360649
0.836957 0.361678
0.850996 0.362615
0.865122 0.363459
0.879337 0.364214
0.893643 0.364878
0.908041 0.365453
0.922534 0.36594
0.937122 0.36634
0.951808 0.366652
0.966594 0.366879
0.981481 0.367021
0.996472 0.367079
1.01157 0.367053
1.02677 0.366944
1.04209 0.366753
1.05752 0.366481
1.07306 0.366128
1.08872 0.365696
1.10449 0.365184
1.12039 0.364593
1.13642 0.363925
1.15257 0.36318
1.16885 0.362358
1.18527 0.36146
1.20182 0.360487
1.2185 0.359439
1.23533 0.358318
1.25231 0.357123
1.26943 0.355856
1.2867 0.354517
1.30413 0.353106
1.32171 0.351624
1.33946 0.350073
1.35737 0.348451
1.37545 0.346761
1.3937 0.345002
1.41214 0.343176
1.43075 0.341282
1.44955 0.339321
1.46854 0.337295
1.48773 0.335202
1.50711 0.333045
1.52671 0.330823
1.54652 0.328537
1.56654 0.326187
1.58679 0.323775
1.60727 0.321299
1.62798 0.318762
1.64894 0.316163
1.67015 0.313503
1.69161 0.310782
1.71335 0.308
1.73536 0.305159
1.75765 0.302258
1.78023 0.299298
1.80312 0.296279
1.82632 0.293201
1.84985 0.290065
1.87371 0.28687
1.89792 0.283618
1.9225 0.280308
1.94745 0.276941
1.97279 0.273515
1.99853 0.270033
2.0247 0.266492
2.05132 0.262894
2.0784 0.259238
2.10596 0.255524
2.13404 0.251752
2.16264 0.24792
2.19181 0.244029
2.22157 0.240078
2.25195 0.236066
2.283 0.231991
2.31475 0.227854
2.34724 0.223651
2.38053 0.219382
2.41466 0.215044
2.44972 0.210634
2.48575 0.206151
2.52285 0.201589
2.56111 0.196946
2.60063 0.192215
2.64155 0.187391
2.684 0.182466
2.72816 0.177431
2.77425 0.172276
2.82252 0.166986
2.87329 0.161543
2.92696 0.155928
2.98403 0.150113
3.04509 0.14407
3.11079 0.137773
3.18163 0.131222
3.25727 0.124496
3.3358 0.117805
3.41424 0.111411
3.49038 0.105476
3.56345 0.100026
3.6336 0.0950149
3.70129 0.0903781
3.76703 0.0860576
3.83123 0.0820061
3.89425 0.0781865
3.95636 0.0745703
4.01776 0.0711347
4.07863 0.0678617
4.13911 0.0647365
4.19933 0.0617468
4.25938 0.0588821
4.31935 0.0561337
4.37931 0.0534937
4.43934 0.0509554
4.49951 0.0485129
4.55986 0.0461608
4.62045 0.0438942
4.68133 0.0417088
4.74255 0.0396004
4.80416 0.0375655
4.8662 0.0356004
4.92871 0.0337021
4.99172 0.0318674
5.0553 0.0300934
5.11946 0.0283775
5.18426 0.0267169
5.24972 0.0251091
5.3159 0.0235516
5.38281 0.022042
5.45051 0.0205779
5.51903 0.0191569
5.58839 0.0177767
5.65864 0.0164348
5.7298 0.0151291
5.80189 0.0138569
5.87495 0.0126159
5.94898 0.0114037
6.024 0.0102176
6.1 0.0090552
6.17697 0.00791374
6.25488 0.00679059
6.33369 0.00568305
6.41332 0.00458843
6.49369 0.00350403
6.57466 0.0024272
6.6561 0.00135537
6.73783 0.000286065
6.81965 -0.000783054
6.90134 -0.0018542
6.98267 -0.00292946
7.06343 -0.0040108
7.14341 -0.00510009
7.22241 -0.00619915
7.30028 -0.00730974
7.37687 -0.00843361
7.4521 -0.00957248
7.52588 -0.0107281
7.59819 -0.011902
7.66899 -0.013096
7.73829 -0.0143116
7.8061 -0.0155504
7.87245 -0.0168139
7.93736 -0.0181034
8 -0.0194019


1e-05 9.999e-05
1.39058e-05 0.000103895
1.77176e-05 0.000107706
2.24365e-05 0.000112423
2.85569e-05 0.000118541
3.66229e-05 0.000126603
4.73648e-05 0.000137339
6.18121e-05 0.000151778
8.14421e-05 0.000171395
0.000108402 0.000198334
0.000145853 0.000235752
0.000198511 0.000288355
0.000273507 0.00036326
0.000381792 0.000471386
0.000540442 0.000629752
0.000776558 0.000865337
0.00113396 0.0012217
0.00168508 0.00177068
0.00255279 0.00263373
0.00395341 0.00402356
0.00629144 0.00633471
0.0104276 0.0103965
0.0187 0.0184185
0.0327696 0.0317565
0.0498152 0.0474108
0.0700334 0.0652806
0.0937421 0.0853003
0.121176 0.107251
0.152545 0.130819
0.188073 0.155633
0.228015 0.181274
0.272654 0.207277
0.322278 0.233119
0.37712 0.25821
0.437266 0.281895
0.502562 0.30349
0.572588 0.322372
0.646763 0.338082
0.724537 0.350377
0.805544 0.35922
0.889641 0.364704
0.976892 0.366992
1.06751 0.366271
1.1618 0.362733
1.26018 0.356562
1.36313 0.347936
1.47121 0.337026
1.58512 0.323997
1.70568 0.309011
1.83391 0.29222
1.9711 0.273774
2.11896 0.253811
2.27976 0.232452
2.45677 0.209791
2.6549 0.185873
2.88228 0.160635
3.15428 0.133764
3.50615 0.104318
3.92017 0.0766828
4.30186 0.056937
4.67562 0.0419183
5.04649 0.0303423
5.42478 0.0211385
5.81956 0.0135729
6.23854 0.00706066
6.68802 0.00100391
7.17001 -0.00534738
7.67318 -0.0129536
8 -0.0191022


1e-05 9.999e-05
8.45535e-05 0.000174509
0.000155759 0.000245644
0.00029817 0.000387869
0.000582993 0.000672162
0.00115264 0.00124019
0.00229193 0.00237417
0.00457051 0.00463409
0.00912766 0.00912249
0.018242 0.0179756
0.0364706 0.0351973
0.0729279 0.0677661
0.145842 0.125872
0.284322 0.213445
0.498768 0.301912
0.810222 0.359053
1.22975 0.358562
1.75005 0.304065
2.38975 0.219832
3.22175 0.129215
4.4906 0.0477739
6.40637 -0.00649131
8 -0.0381243


1e-05 9.999e-05
0.00275614 0.00283732
0.00537076 0.00539748
0.0106 0.0104768
0.0210584 0.0204746
0.0419754 0.0398418
0.0838092 0.0761582
0.167477 0.139806
0.334812 0.23608
0.669483 0.336792
1.33882 0.344709
2.42315 0.220898
4.02167 0.0827809
7.2187 -0.0263844
8 0.0236331


