0.0001 9.999e-05
0.0153862 0.0151466
0.0300392 0.0291233
0.0497626 0.0472309
0.0746345 0.0688862
0.104064 0.0927721
0.137188 0.117352
0.173104 0.141193
0.211017 0.163141
0.250294 0.182365
0.290475 0.198328
0.331257 0.210726
0.372479 0.219423
0.414124 0.224384
0.456336 0.225616
0.499438 0.223094
0.543879 0.216704
0.59013 0.206235
0.638634 0.191412
0.689823 0.171936
0.74416 0.147513
0.802178 0.117883
0.864515 0.0828756
0.931868 0.0425331
1 0.000378704


0.0001 9.999e-05
0.0127757 0.0126126
0.024826 0.0242146
0.0414478 0.0397553
0.0632241 0.0593188
0.090394 0.0824923
0.123067 0.108599
0.161308 0.136803
0.20518 0.166171
0.254761 0.195714
0.310163 0.224407
0.371528 0.251215
0.439025 0.275107
0.51284 0.29507
0.593158 0.310141
0.680137 0.319433
0.773878 0.322183
0.874398 0.317806
0.981622 0.305939
1.09542 0.286482
1.21566 0.259583
1.34228 0.225603
1.47537 0.185061
1.61516 0.138578
1.7621 0.0868389
1.91687 0.0305547
2 1.19103e-06


0.0001 9.999e-05
0.00981345 0.00971732
0.0191986 0.0188332
0.0322502 0.031226
0.049474 0.0470845
0.0711344 0.0662472
0.0974243 0.0883742
0.128536 0.113019
0.164696 0.139662
0.206193 0.167728
0.253374 0.196582
0.306631 0.22552
0.366347 0.253752
0.432769 0.280393
0.505858 0.304498
0.585185 0.325175
0.670029 0.341749
0.759664 0.353872
0.853606 0.361498
0.951704 0.364777
1.0541 0.363951
1.16115 0.359292
1.27339 0.351066
1.39146 0.33953
1.5162 0.324923
1.64859 0.307471
1.78989 0.287379
1.9417 0.264829
2.10613 0.239965
2.28611 0.212874
2.48587 0.183539
2.71195 0.151761
2.975 0.116996
3.29142 0.0782708
3.66004 0.0365889
4 7.86645e-06


0.0001 9.999e-05
0.00791056 0.00784808
0.0154366 0.0152
0.0258696 0.0252087
0.0396034 0.0380653
0.0568324 0.053692
0.0776851 0.0718778
0.102279 0.0923341
0.130749 0.114723
0.163265 0.13867
0.200037 0.163768
0.241321 0.189576
0.287399 0.215606
0.338546 0.241314
0.394962 0.266084
0.456668 0.289245
0.523427 0.310119
0.59475 0.32812
0.670046 0.342849
0.748807 0.354131
0.830732 0.361974
0.915745 0.366499
1.00396 0.367879
1.09561 0.366306
1.19106 0.361968
1.29072 0.35505
1.39511 0.345726
1.50482 0.334167
1.62058 0.320537
1.74325 0.304995
1.87395 0.287694
2.01405 0.268781
2.1654 0.24839
2.33053 0.226638
2.51308 0.20361
2.71867 0.179328
2.95694 0.153686
3.24714 0.126243
3.63441 0.0958934
4.03804 0.0711023
4.43071 0.0526063
4.80763 0.0390644
5.18279 0.0288201
5.5685 0.0208929
5.9747 0.0147027
6.41055 0.00985771
6.88596 0.006043
7.4127 0.00294695
8 0.000194738


0.0001 9.999e-05
0.00638332 0.00634262
0.0124223 0.0122688
0.0207653 0.0203384
0.0317198 0.0307293
0.0454279 0.0434101
0.0619736 0.0582491
0.0814248 0.0750569
0.103855 0.0936096
0.129356 0.113659
0.158045 0.134939
0.190067 0.157166
0.225596 0.180033
0.264825 0.203209
0.307949 0.226325
0.35513 0.248972
0.406444 0.270695
0.461827 0.291009
0.521038 0.309444
0.583692 0.325602
0.649361 0.339211
0.71768 0.350143
0.788417 0.358387
0.861487 0.364009
0.93693 0.36712
1.01488 0.367844
1.09553 0.366311
1.17914 0.362645
1.26601 0.356968
1.35649 0.349395
1.45097 0.340039
1.54993 0.329009
1.65392 0.31641
1.76361 0.302346
1.87983 0.286914
2.00359 0.270208
2.13622 0.252312
2.2795 0.233299
2.43584 0.213221
2.60881 0.192093
2.80398 0.169861
3.03108 0.146318
3.31 0.120894
3.67868 0.0929271
4.03059 0.0716069
4.37212 0.0551959
4.70134 0.0426978
5.02816 0.0329299
5.36149 0.025155
5.70844 0.0189267
6.07535 0.0139517
6.46878 0.0100183
6.89626 0.00695967
7.36715 0.00463676
7.89376 0.0029278
8.49306 0.0017231
9.18959 0.000921927
10.0207 0.000431428
11.0473 0.000168094
12.3782 6.73082e-05
14.2387 0.00015392
16 0.000736055


