0.001 0.000999
0.0103185 0.0102124
0.0192467 0.0188795
0.0310803 0.0301288
0.0462562 0.0441648
0.0649695 0.0608819
0.08735 0.0800427
0.113523 0.101339
0.143636 0.124416
0.177877 0.148889
0.216475 0.174336
0.259699 0.200298
0.307834 0.226266
0.361136 0.251665
0.419743 0.275857
0.483576 0.298156
0.552285 0.317909
0.625318 0.334598
0.702094 0.347917
0.782183 0.357773
0.86538 0.364231
0.95169 0.367437
1.04129 0.367577
1.13446 0.364842
1.23159 0.359419
1.33313 0.351489
1.43964 0.341224
1.55175 0.328791
1.67024 0.314354
1.79608 0.298068
1.93046 0.280085
2.07495 0.260547
2.23163 0.239582
2.40342 0.217296
2.59463 0.193753
2.81218 0.168935
3.06858 0.142636
3.39113 0.11415
3.825 0.0833814
4.2165 0.0620757
4.59653 0.0461964
4.96952 0.0342947
5.34743 0.0251547
5.7407 0.0180372
6.15851 0.0124704
6.61012 0.00810806
7.10611 0.00464617
7.65928 0.00175115
8 0.00021263


0.01 0.0099
0.0254657 0.0248222
0.0404959 0.0388832
0.0583209 0.0550086
0.0795803 0.0734814
0.104532 0.0941419
0.133356 0.116688
0.166237 0.140754
0.203395 0.165934
0.24509 0.191783
0.291606 0.217811
0.343215 0.243464
0.400105 0.268124
0.462279 0.291115
0.529474 0.311762
0.601187 0.329491
0.676824 0.343924
0.755894 0.354903
0.838113 0.362448
0.923425 0.366687
1.01196 0.367798
1.10396 0.365971
1.19979 0.361395
1.29988 0.354253
1.40474 0.344721
1.515 0.332967
1.63137 0.319156
1.75476 0.303447
1.88628 0.285992
2.02736 0.266936
2.1799 0.246415
2.34649 0.224541
2.53093 0.201396
2.73909 0.176995
2.98117 0.15121
3.27793 0.123553
3.67713 0.0929425
4.07758 0.0689963
4.46675 0.0511402
4.84242 0.0379849
5.218 0.0279932
5.60527 0.0202483
6.01392 0.0141979
6.45314 0.00946186
6.93294 0.0057284
7.46533 0.0026825
8 0.000201036


0.1 0.09
0.139681 0.120426
0.177561 0.147112
0.218099 0.173275
0.262728 0.199394
0.312108 0.225242
0.366609 0.250332
0.426388 0.274053
0.491338 0.295743
0.561076 0.31478
0.635036 0.330691
0.712664 0.343222
0.793577 0.352316
0.877617 0.35806
0.964833 0.360613
1.05543 0.36016
1.14972 0.356891
1.2481 0.350991
1.35107 0.34264
1.45919 0.332007
1.57316 0.319259
1.69379 0.304557
1.82212 0.288055
1.95945 0.269904
2.10747 0.250241
2.2685 0.229192
2.4458 0.206853
2.6443 0.183274
2.87217 0.158401
3.1449 0.131936
3.49834 0.102951
3.91615 0.0757586
4.30123 0.0564979
4.67833 0.0420268
5.05304 0.0310739
5.43619 0.0226261
5.83759 0.0160461
6.2664 0.0109081
6.73229 0.00688344
7.24662 0.00366604
7.82322 0.000893948
8 0.000122832


0.5 0.25
0.558099 0.249101
0.61442 0.246725
0.672809 0.242993
0.734645 0.23791
0.800608 0.231483
0.871198 0.223739
0.94693 0.214719
1.02841 0.204475
1.11642 0.193069
1.21197 0.180566
1.3164 0.167031
1.43161 0.152523
1.56034 0.137083
1.70689 0.120715
1.87868 0.103329
2.09075 0.0846025
2.37772 0.0638135
2.67392 0.0471755
2.96294 0.0348305
3.24366 0.0257695
3.52626 0.0189219
3.81973 0.0136607
4.13163 0.00961506
4.46945 0.00653978
4.84176 0.00425282
5.25946 0.00260666
5.73757 0.00147418
6.29799 0.00074123
6.9748 0.000301321
7.82551 4.48932e-05
8 1.13491e-05


