Harmonic oscillator y'' = -y from [0:10] with y0 = ( 0 1 )
Error from analytic solution: 0.00215992 promised tolerance: 0.02

Radial Schrödinger equation for a free particle y'' + 2y'/x + (1 - l(l-1)/x/x)y = 0 for l = 2 from [0.0001:15] with y0 = ( 0 1 )
Error from analytic solution: 0.00942316 promised tolerance: 0.0106463

Third order pylonomial y'' = 2x from [0:5] with y0 = ( 0 0 )
Error from analytic solution: 1.02554e-14 promised tolerance: 0.495913
Step sizes = ( 0.125 0.117489 0.115996 0.117314 0.120333 0.124648 0.130116 0.136698 0.144406 0.15328 0.163383 0.174803 0.187653 0.202069 0.21822 0.236304 0.256559 0.279262 0.304735 0.333355 0.365558 0.40185 0.442816 0.148155 )


0, 0
0.047116, 0.047116
0.0843814, 0.0843073
0.116566, 0.116333
0.145932, 0.14545
0.173664, 0.172832
0.200422, 0.199124
0.226587, 0.224698
0.252389, 0.249765
0.277967, 0.274451
0.303405, 0.298823
0.328757, 0.322921
0.354055, 0.34676
0.379318, 0.370346
0.404561, 0.393676
0.429791, 0.416743
0.455013, 0.439537
0.480229, 0.462048
0.505442, 0.484261
0.530654, 0.506166
0.555864, 0.527747
0.581073, 0.548992
0.606282, 0.569888
0.63149, 0.590421
0.656698, 0.610579
0.681906, 0.630349
0.707114, 0.649718
0.732322, 0.668674
0.75753, 0.687205
0.782738, 0.705299
0.807946, 0.722945
0.833154, 0.740132
0.858362, 0.756848
0.88357, 0.773084
0.908777, 0.788828
0.933985, 0.80407
0.959193, 0.818802
0.984401, 0.833013
1.00961, 0.846695
1.03482, 0.859838
1.06002, 0.872436
1.08523, 0.884479
1.11044, 0.895959
1.13565, 0.90687
1.16086, 0.917205
1.18606, 0.926957
1.21127, 0.93612
1.23648, 0.944688
1.26169, 0.952656
1.2869, 0.960018
1.3121, 0.96677
1.33731, 0.972907
1.36252, 0.978426
1.38773, 0.983324
1.41294, 0.987596
1.43814, 0.991241
1.46335, 0.994256
1.48856, 0.996639
1.51377, 0.998388
1.53897, 0.999504
1.56418, 0.999983
1.58939, 0.999828
1.6146, 0.999036
1.63981, 0.99761
1.66501, 0.99555
1.69022, 0.992858
1.71543, 0.989534
1.74064, 0.985581
1.76585, 0.981002
1.79105, 0.975799
1.81626, 0.969977
1.84147, 0.963538
1.86668, 0.956486
1.89188, 0.948827
1.91709, 0.940564
1.9423, 0.931704
1.96751, 0.922252
1.99272, 0.912214
2.01792, 0.901595
2.04313, 0.890404
2.06834, 0.878647
2.09355, 0.866332
2.11876, 0.853466
2.14396, 0.840057
2.16917, 0.826115
2.19438, 0.811647
2.21959, 0.796664
2.24479, 0.781175
2.27, 0.765189
2.29521, 0.748716
2.32042, 0.731768
2.34563, 0.714355
2.37083, 0.696488
2.39604, 0.678178
2.42125, 0.659437
2.44646, 0.640277
2.47167, 0.62071
2.49687, 0.600749
2.52208, 0.580406
2.54729, 0.559694
2.5725, 0.538626
2.5977, 0.517216
2.62291, 0.495477
2.64812, 0.473423
2.67333, 0.451069
2.69854, 0.428428
2.72374, 0.405514
2.74895, 0.382343
2.77416, 0.358929
2.79937, 0.335286
2.82458, 0.311431
2.84978, 0.287378
2.87499, 0.263142
2.9002, 0.238738
2.92541, 0.214183
2.95061, 0.189492
2.97582, 0.164681
3.00103, 0.139765
3.02624, 0.11476
3.05145, 0.0896818
3.07665, 0.0645468
3.10186, 0.0393709
3.12707, 0.0141699
3.15228, -0.0110401
3.17749, -0.0362431
3.20269, -0.061423
3.2279, -0.0865639
3.25311, -0.11165
3.27832, -0.136665
3.30352, -0.161593
3.32873, -0.186418
3.35394, -0.211125
3.37915, -0.235698
3.40436, -0.260121
3.42956, -0.284379
3.45477, -0.308455
3.47998, -0.332336
3.50519, -0.356006
3.53039, -0.379449
3.5556, -0.402652
3.58081, -0.425598
3.60602, -0.448274
3.63123, -0.470665
3.65643, -0.492757
3.68164, -0.514535
3.70685, -0.535987
3.73206, -0.557098
3.75727, -0.577855
3.78247, -0.598245
3.80768, -0.618255
3.83289, -0.637871
3.8581, -0.657082
3.8833, -0.675876
3.90851, -0.69424
3.93372, -0.712163
3.95893, -0.729633
3.98414, -0.74664
4.00934, -0.763172
4.03455, -0.779219
4.05976, -0.794771
4.08497, -0.809818
4.11017, -0.82435
4.13538, -0.838358
4.16059, -0.851833
4.1858, -0.864767
4.21101, -0.877152
4.23621, -0.888979
4.26142, -0.900241
4.28663, -0.91093
4.31184, -0.921041
4.33705, -0.930567
4.36225, -0.939501
4.38746, -0.947838
4.41267, -0.955573
4.43788, -0.9627
4.46308, -0.969216
4.48829, -0.975115
4.5135, -0.980395
4.53871, -0.985052
4.56392, -0.989083
4.58912, -0.992485
4.61433, -0.995256
4.63954, -0.997395
4.66475, -0.9989
4.68995, -0.99977
4.71516, -1
4.74037, -0.999604
4.76558, -0.998568
4.79079, -0.996897
4.81599, -0.994593
4.8412, -0.991657
4.86641, -0.98809
4.89162, -0.983896
4.91683, -0.979076
4.94203, -0.973634
4.96724, -0.967573
4.99245, -0.960897
5.01766, -0.953611
5.04286, -0.945718
5.06807, -0.937224
5.09328, -0.928135
5.11849, -0.918456
5.1437, -0.908193
5.1689, -0.897353
5.19411, -0.885943
5.21932, -0.87397
5.24453, -0.861441
5.26973, -0.848365
5.29494, -0.83475
5.32015, -0.820604
5.34536, -0.805936
5.37057, -0.790757
5.39577, -0.775074
5.42098, -0.7589
5.44619, -0.742242
5.4714, -0.725114
5.4966, -0.707524
5.52181, -0.689485
5.54702, -0.671007
5.57223, -0.652103
5.59744, -0.632785
5.62264, -0.613064
5.64785, -0.592954
5.67306, -0.572467
5.69827, -0.551616
5.72348, -0.530415
5.74868, -0.508876
5.77389, -0.487015
5.7991, -0.464843
5.82431, -0.442376
5.84951, -0.419628
5.87472, -0.396614
5.89993, -0.373347
5.92514, -0.349843
5.95035, -0.326116
5.97555, -0.302183
6.00076, -0.278057
6.02597, -0.253755
6.05118, -0.229291
6.07638, -0.204682
6.10159, -0.179942
6.1268, -0.155088
6.15201, -0.130136
6.17722, -0.105101
6.20242, -0.079999
6.22763, -0.0548462
6.25284, -0.0296586
6.27805, -0.00445215
6.30325, 0.0207571
6.32846, 0.0459532
6.35367, 0.0711201
6.37888, 0.0962418
6.40409, 0.121302
6.42929, 0.146286
6.4545, 0.171176
6.47971, 0.195958
6.50492, 0.220615
6.53012, 0.245132
6.55533, 0.269493
6.58054, 0.293683
6.60575, 0.317686
6.63096, 0.341488
6.65616, 0.365072
6.68137, 0.388424
6.70658, 0.41153
6.73179, 0.434374
6.75699, 0.456942
6.7822, 0.479219
6.80741, 0.501192
6.83262, 0.522846
6.85783, 0.544169
6.88303, 0.565145
6.90824, 0.585762
6.93345, 0.606007
6.95866, 0.625866
6.98386, 0.645328
7.00907, 0.66438
7.03428, 0.68301
7.05949, 0.701205
7.0847, 0.718955
7.1099, 0.736248
7.13511, 0.753073
7.16032, 0.76942
7.18553, 0.785277
7.21073, 0.800635
7.23594, 0.815485
7.26115, 0.829816
7.28636, 0.84362
7.31157, 0.856888
7.33677, 0.869611
7.36198, 0.881782
7.38719, 0.893392
7.4124, 0.904434
7.4376, 0.914902
7.46281, 0.924788
7.48802, 0.934086
7.51323, 0.942791
7.53844, 0.950896
7.56364, 0.958398
7.58885, 0.96529
7.61406, 0.971568
7.63927, 0.97723
7.66447, 0.98227
7.68968, 0.986686
7.71489, 0.990474
7.7401, 0.993634
7.76531, 0.996162
7.79051, 0.998056
7.81572, 0.999317
7.84093, 0.999942
7.86614, 0.999932
7.89134, 0.999286
7.91655, 0.998006
7.94176, 0.996091
7.96697, 0.993543
7.99218, 0.990363
8.01738, 0.986554
8.04259, 0.982118
8.0678, 0.977058
8.09301, 0.971377
8.11821, 0.965079
8.14342, 0.958167
8.16863, 0.950647
8.19384, 0.942522
8.21905, 0.933798
8.24425, 0.924481
8.26946, 0.914576
8.29467, 0.90409
8.31988, 0.89303
8.34508, 0.881402
8.37029, 0.869213
8.3955, 0.856473
8.42071, 0.843188
8.44591, 0.829367
8.47112, 0.815019
8.49633, 0.800153
8.52154, 0.784778
8.54675, 0.768905
8.57195, 0.752543
8.59716, 0.735703
8.62237, 0.718395
8.64758, 0.700631
8.67278, 0.682421
8.69799, 0.663778
8.7232, 0.644713
8.74841, 0.625238
8.77362, 0.605366
8.79882, 0.585109
8.82403, 0.56448
8.84924, 0.543492
8.87445, 0.522159
8.89965, 0.500495
8.92486, 0.478512
8.95007, 0.456225
8.97528, 0.433648
9.00049, 0.410795
9.02569, 0.387682
9.0509, 0.364322
9.07611, 0.34073
9.10132, 0.316922
9.12652, 0.292912
9.15173, 0.268717
9.17694, 0.24435
9.20215, 0.219828
9.22736, 0.195167
9.25256, 0.170381
9.27777, 0.145488
9.30298, 0.120501
9.32819, 0.0954386
9.35339, 0.0703151
9.3786, 0.0451469
9.40381, 0.0199501
9.42902, -0.0052595
9.45422, -0.0304657
9.47943, -0.0556526
9.50464, -0.0808041
9.52985, -0.105904
9.55506, -0.130937
9.58026, -0.155887
9.60547, -0.180737
9.63068, -0.205473
9.65589, -0.230078
9.68109, -0.254537
9.7063, -0.278834
9.73151, -0.302954
9.75672, -0.326881
9.78193, -0.350601
9.80713, -0.374098
9.83234, -0.397357
9.85755, -0.420363
9.88276, -0.443103
9.90796, -0.465561
9.93317, -0.487723
9.95838, -0.509574
9.98359, -0.531103
10, -0.544938


0, 1
0.047116, 0.99889
0.0843814, 0.996441
0.116566, 0.993211
0.145932, 0.989367
0.173664, 0.984953
0.200422, 0.979975
0.226587, 0.97443
0.252389, 0.968308
0.277967, 0.961603
0.303405, 0.95431
0.328757, 0.946428
0.354055, 0.937956
0.379318, 0.928896
0.404561, 0.919251
0.429791, 0.909026
0.455013, 0.898226
0.480229, 0.886857
0.505442, 0.874925
0.530654, 0.862439
0.555864, 0.849404
0.581073, 0.83583
0.606282, 0.821725
0.63149, 0.807098
0.656698, 0.791958
0.681906, 0.776315
0.707114, 0.760179
0.732322, 0.743559
0.75753, 0.726467
0.782738, 0.708913
0.807946, 0.690909
0.833154, 0.672465
0.858362, 0.653594
0.88357, 0.634308
0.908777, 0.614619
0.933985, 0.594539
0.959193, 0.574081
0.984401, 0.553259
1.00961, 0.532084
1.03482, 0.510572
1.06002, 0.488735
1.08523, 0.466587
1.11044, 0.444143
1.13565, 0.421417
1.16086, 0.398423
1.18606, 0.375175
1.21127, 0.35169
1.23648, 0.32798
1.26169, 0.304062
1.2869, 0.279951
1.3121, 0.255662
1.33731, 0.231211
1.36252, 0.206613
1.38773, 0.181883
1.41294, 0.157038
1.43814, 0.132093
1.46335, 0.107064
1.48856, 0.0819664
1.51377, 0.0568172
1.53897, 0.0316319
1.56418, 0.00642654
1.58939, -0.018783
1.6146, -0.0439805
1.63981, -0.0691501
1.66501, -0.0942758
1.69022, -0.119342
1.71543, -0.144331
1.74064, -0.16923
1.76585, -0.19402
1.79105, -0.218688
1.81626, -0.243216
1.84147, -0.26759
1.86668, -0.291793
1.89188, -0.315812
1.91709, -0.339629
1.9423, -0.363231
1.96751, -0.386602
1.99272, -0.409727
2.01792, -0.432592
2.04313, -0.455182
2.06834, -0.477482
2.09355, -0.499479
2.11876, -0.521159
2.14396, -0.542507
2.16917, -0.563511
2.19438, -0.584157
2.21959, -0.604431
2.24479, -0.624321
2.27, -0.643814
2.29521, -0.662899
2.32042, -0.681562
2.34563, -0.699791
2.37083, -0.717576
2.39604, -0.734905
2.42125, -0.751767
2.44646, -0.768151
2.47167, -0.784047
2.49687, -0.799445
2.52208, -0.814335
2.54729, -0.828707
2.5725, -0.842552
2.5977, -0.855862
2.62291, -0.868628
2.64812, -0.880842
2.67333, -0.892496
2.69854, -0.903583
2.72374, -0.914096
2.74895, -0.924027
2.77416, -0.933372
2.79937, -0.942123
2.82458, -0.950276
2.84978, -0.957824
2.87499, -0.964764
2.9002, -0.971091
2.92541, -0.9768
2.95061, -0.981889
2.97582, -0.986354
3.00103, -0.990192
3.02624, -0.9934
3.05145, -0.995977
3.07665, -0.997922
3.10186, -0.999232
3.12707, -0.999907
3.15228, -0.999946
3.17749, -0.99935
3.20269, -0.998119
3.2279, -0.996254
3.25311, -0.993755
3.27832, -0.990625
3.30352, -0.986865
3.32873, -0.982478
3.35394, -0.977467
3.37915, -0.971834
3.40436, -0.965584
3.42956, -0.95872
3.45477, -0.951247
3.47998, -0.943169
3.50519, -0.934492
3.53039, -0.925221
3.5556, -0.915362
3.58081, -0.904921
3.60602, -0.893905
3.63123, -0.882321
3.65643, -0.870176
3.68164, -0.857479
3.70685, -0.844236
3.73206, -0.830457
3.75727, -0.816149
3.78247, -0.801324
3.80768, -0.785989
3.83289, -0.770154
3.8581, -0.75383
3.8833, -0.737027
3.90851, -0.719755
3.93372, -0.702026
3.95893, -0.683851
3.98414, -0.665242
4.00934, -0.646209
4.03455, -0.626766
4.05976, -0.606924
4.08497, -0.586697
4.11017, -0.566097
4.13538, -0.545137
4.16059, -0.52383
4.1858, -0.502191
4.21101, -0.480233
4.23621, -0.457969
4.26142, -0.435414
4.28663, -0.412583
4.31184, -0.389489
4.33705, -0.366148
4.36225, -0.342574
4.38746, -0.318783
4.41267, -0.294788
4.43788, -0.270607
4.46308, -0.246253
4.48829, -0.221743
4.5135, -0.197092
4.53871, -0.172316
4.56392, -0.14743
4.58912, -0.122451
4.61433, -0.0973934
4.63954, -0.0722742
4.66475, -0.0471091
4.68995, -0.0219141
4.71516, 0.00329491
4.74037, 0.0285018
4.76558, 0.0536906
4.79079, 0.0788452
4.81599, 0.10395
4.8412, 0.128988
4.86641, 0.153945
4.89162, 0.178803
4.91683, 0.203549
4.94203, 0.228164
4.96724, 0.252635
4.99245, 0.276945
5.01766, 0.301079
5.04286, 0.325022
5.06807, 0.348758
5.09328, 0.372273
5.11849, 0.395551
5.1437, 0.418577
5.1689, 0.441338
5.19411, 0.463818
5.21932, 0.486003
5.24453, 0.50788
5.26973, 0.529433
5.29494, 0.550651
5.32015, 0.571518
5.34536, 0.592022
5.37057, 0.61215
5.39577, 0.631888
5.42098, 0.651226
5.44619, 0.670149
5.4714, 0.688646
5.4966, 0.706706
5.52181, 0.724317
5.54702, 0.741467
5.57223, 0.758146
5.59744, 0.774343
5.62264, 0.790048
5.64785, 0.805251
5.67306, 0.819942
5.69827, 0.834113
5.72348, 0.847753
5.74868, 0.860854
5.77389, 0.873408
5.7991, 0.885407
5.82431, 0.896843
5.84951, 0.90771
5.87472, 0.917999
5.89993, 0.927705
5.92514, 0.936822
5.95035, 0.945343
5.97555, 0.953263
6.00076, 0.960578
6.02597, 0.967282
6.05118, 0.973371
6.07638, 0.978842
6.10159, 0.98369
6.1268, 0.987914
6.15201, 0.991509
6.17722, 0.994475
6.20242, 0.996808
6.22763, 0.998508
6.25284, 0.999573
6.27805, 1
6.30325, 0.999798
6.32846, 0.998957
6.35367, 0.997481
6.37888, 0.995372
6.40409, 0.992629
6.42929, 0.989256
6.4545, 0.985254
6.47971, 0.980626
6.50492, 0.975375
6.53012, 0.969504
6.55533, 0.963017
6.58054, 0.955917
6.60575, 0.948211
6.63096, 0.939901
6.65616, 0.930994
6.68137, 0.921496
6.70658, 0.911412
6.73179, 0.900749
6.75699, 0.889513
6.7822, 0.877712
6.80741, 0.865353
6.83262, 0.852444
6.85783, 0.838993
6.88303, 0.825009
6.90824, 0.810501
6.93345, 0.795478
6.95866, 0.779949
6.98386, 0.763925
7.00907, 0.747415
7.03428, 0.73043
7.05949, 0.71298
7.0847, 0.695078
7.1099, 0.676734
7.13511, 0.65796
7.16032, 0.638767
7.18553, 0.619169
7.21073, 0.599177
7.23594, 0.578805
7.26115, 0.558064
7.28636, 0.536969
7.31157, 0.515533
7.33677, 0.493769
7.36198, 0.471691
7.38719, 0.449313
7.4124, 0.42665
7.4376, 0.403716
7.46281, 0.380525
7.48802, 0.357092
7.51323, 0.333432
7.53844, 0.309561
7.56364, 0.285493
7.58885, 0.261243
7.61406, 0.236827
7.63927, 0.212261
7.66447, 0.187559
7.68968, 0.162739
7.71489, 0.137815
7.7401, 0.112804
7.76531, 0.0877206
7.79051, 0.0625817
7.81572, 0.0374031
7.84093, 0.0122006
7.86614, -0.0130095
7.89134, -0.0382115
7.91655, -0.0633891
7.94176, -0.0885264
7.96697, -0.113608
7.99218, -0.138616
8.01738, -0.163537
8.04259, -0.188354
8.0678, -0.213051
8.09301, -0.237613
8.11821, -0.262024
8.14342, -0.286268
8.16863, -0.31033
8.19384, -0.334195
8.21905, -0.357848
8.24425, -0.381273
8.26946, -0.404456
8.29467, -0.427382
8.31988, -0.450037
8.34508, -0.472405
8.37029, -0.494473
8.3955, -0.516227
8.42071, -0.537652
8.44591, -0.558736
8.47112, -0.579465
8.49633, -0.599826
8.52154, -0.619806
8.54675, -0.639391
8.57195, -0.65857
8.59716, -0.677331
8.62237, -0.695661
8.64758, -0.713549
8.67278, -0.730984
8.69799, -0.747954
8.7232, -0.764449
8.74841, -0.780458
8.77362, -0.795971
8.79882, -0.810978
8.82403, -0.825469
8.84924, -0.839436
8.87445, -0.85287
8.89965, -0.865761
8.92486, -0.878102
8.95007, -0.889886
8.97528, -0.901103
9.00049, -0.911748
9.02569, -0.921814
9.0509, -0.931294
9.07611, -0.940181
9.10132, -0.948472
9.12652, -0.956159
9.15173, -0.963239
9.17694, -0.969707
9.20215, -0.975558
9.22736, -0.98079
9.25256, -0.985398
9.27777, -0.98938
9.30298, -0.992733
9.32819, -0.995455
9.35339, -0.997544
9.3786, -0.999
9.40381, -0.999821
9.42902, -1.00001
9.45422, -0.999556
9.47943, -0.99847
9.50464, -0.99675
9.52985, -0.994396
9.55506, -0.991411
9.58026, -0.987795
9.60547, -0.983552
9.63068, -0.978683
9.65589, -0.973193
9.68109, -0.967084
9.7063, -0.96036
9.73151, -0.953027
9.75672, -0.945087
9.78193, -0.936547
9.80713, -0.927411
9.83234, -0.917687
9.85755, -0.907379
9.88276, -0.896494
9.90796, -0.885039
9.93317, -0.873022
9.95838, -0.860451
9.98359, -0.847332
10, -0.838501


0, 3.04159
0.125, 3.03773
0.24578, 3.02649
0.36565, 3.00747
0.483266, 2.9801
0.596293, 2.9442
0.702976, 2.89988
0.802615, 2.84741
0.895407, 2.78692
0.982094, 2.71833
1.0637, 2.64117
1.14137, 2.55448
1.21639, 2.45663
1.29026, 2.34481
1.36499, 2.21411
1.44373, 2.055
1.53077, 1.85109
1.6154, 1.62262
1.68523, 1.41114
1.74294, 1.22114
1.7934, 1.0445
1.83999, 0.873665
1.88486, 0.703221
1.92953, 0.528992
1.97536, 0.347086
2.02378, 0.153337
2.07602, -0.0550171
2.13063, -0.269066
2.18282, -0.467273
2.23058, -0.64116
2.27476, -0.794194
2.31679, -0.931822
2.35789, -1.05818
2.39899, -1.17598
2.44094, -1.28696
2.48458, -1.39227
2.53094, -1.49269
2.58153, -1.58883
2.63906, -1.68125
2.70979, -1.77075
2.80344, -1.84961
2.88737, -1.88325
2.96026, -1.88493
3.02829, -1.86387
3.09618, -1.82129
3.16837, -1.75251
3.25354, -1.6403
3.3486, -1.47561
3.43189, -1.29802
3.49822, -1.1355
3.55426, -0.984832
3.60493, -0.839235
3.65306, -0.693802
3.70046, -0.545125
3.74846, -0.390454
3.79831, -0.227211
3.85111, -0.0535606
3.9067, 0.127602
3.96206, 0.303577
4.01406, 0.46257
4.06221, 0.602691
4.10748, 0.726958
4.151, 0.838736
4.19371, 0.940474
4.23637, 1.03371
4.27963, 1.11932
4.32412, 1.19766
4.37052, 1.26867
4.41963, 1.33184
4.47255, 1.386
4.5308, 1.429
4.5966, 1.45679
4.67264, 1.46179
4.75941, 1.43266
4.84931, 1.36426
4.93122, 1.26921
5.00174, 1.16348
5.06322, 1.05435
5.11872, 0.943228
5.17059, 0.829576
5.22045, 0.71242
5.26949, 0.590731
5.31871, 0.463414
5.36905, 0.329264
5.42146, 0.187114
5.47659, 0.0368759
5.53377, -0.117336
5.59026, -0.265696
5.64365, -0.400191
5.6935, -0.519239
5.74055, -0.624644
5.78572, -0.718666
5.82983, -0.80302
5.87352, -0.878791
5.91728, -0.946555
5.96155, -1.0065
6.0067, -1.05848
6.05309, -1.10208
6.10103, -1.13659
6.15079, -1.16102
6.20253, -1.17413
6.25619, -1.17461
6.31138, -1.16134
6.36741, -1.13387
6.42337, -1.09272
6.47849, -1.03927
6.53231, -0.975244
6.58469, -0.902314
6.63581, -0.821757
6.686, -0.734415
6.7357, -0.64073
6.78544, -0.540805
6.8358, -0.434459
6.88745, -0.321296
6.94109, -0.200903
6.99725, -0.0735604
7.05553, 0.0579179
7.1139, 0.186688
7.1699, 0.305574
7.22256, 0.411607
7.27217, 0.505234
7.3195, 0.587972
7.36527, 0.661215
7.4101, 0.725938
7.45443, 0.782721
7.49861, 0.831843
7.54291, 0.873359
7.58754, 0.90716
7.63265, 0.933022
7.67836, 0.950642
7.72473, 0.95968
7.77177, 0.959803
7.81945, 0.950738
7.86767, 0.932332
7.9163, 0.904601
7.96518, 0.86776
8.01418, 0.822199
8.06321, 0.768414
8.11229, 0.706928
8.16153, 0.638205
8.21111, 0.562598
8.26135, 0.480312
8.31264, 0.391397
8.36549, 0.295783
8.42043, 0.193443
8.47786, 0.0849133
8.53744, -0.0274637
8.59743, -0.138461
8.65555, -0.242084
8.71054, -0.335088
8.76241, -0.417149
8.81174, -0.489201
8.85918, -0.55232
8.90529, -0.607347
8.95051, -0.654841
8.99515, -0.695138
9.03945, -0.728415
9.08358, -0.75475
9.12768, -0.774154
9.17187, -0.786605
9.21625, -0.792057
9.26092, -0.79045
9.30597, -0.781709
9.35149, -0.765763
9.39753, -0.74256
9.44412, -0.712102
9.49129, -0.674454
9.53906, -0.629742
9.5875, -0.578134
9.63673, -0.519805
9.68693, -0.454905
9.73839, -0.383534
9.79146, -0.305742
9.84658, -0.221592
9.90416, -0.131408
9.96424, -0.0364136
10, 0.019876


0, 0
0.125, -0.0622394
0.24578, -0.125028
0.36565, -0.194335
0.483266, -0.273619
0.596293, -0.36499
0.702976, -0.469554
0.802615, -0.587813
0.895407, -0.720082
0.982094, -0.86682
1.0637, -1.02887
1.14137, -1.20766
1.21639, -1.40554
1.29026, -1.62636
1.36499, -1.87676
1.44373, -2.16902
1.53077, -2.52074
1.6154, -2.87989
1.68523, -3.17506
1.74294, -3.40648
1.7934, -3.5906
1.83999, -3.73844
1.88486, -3.8548
1.92953, -3.94019
1.97536, -3.9918
2.02378, -4.00319
2.07602, -3.96383
2.13063, -3.86619
2.18282, -3.72269
2.23058, -3.55355
2.27476, -3.37003
2.31679, -3.17597
2.35789, -2.97208
2.39899, -2.75793
2.44094, -2.53244
2.48458, -2.2938
2.53094, -2.03888
2.58153, -1.76209
2.63906, -1.45208
2.70979, -1.08054
2.80344, -0.606468
2.88737, -0.196986
2.96026, 0.149906
3.02829, 0.469064
3.09618, 0.785221
3.16837, 1.12034
3.25354, 1.51442
3.3486, 1.94808
3.43189, 2.31275
3.49822, 2.58305
3.55426, 2.78975
3.60493, 2.95358
3.65306, 3.08411
3.70046, 3.18447
3.74846, 3.25396
3.79831, 3.28884
3.85111, 3.28227
3.9067, 3.2266
3.96206, 3.1233
4.01406, 2.98631
4.06221, 2.82897
4.10748, 2.65824
4.151, 2.47681
4.19371, 2.28547
4.23637, 2.08414
4.27963, 1.87229
4.32412, 1.64887
4.37052, 1.41224
4.41963, 1.15979
4.47255, 0.887543
4.5308, 0.589348
4.5966, 0.256047
4.67264, -0.123157
4.75941, -0.546547
4.84931, -0.972462
4.93122, -1.34521
5.00174, -1.64957
5.06322, -1.8975
5.11872, -2.10308
5.17059, -2.27561
5.22045, -2.42004
5.26949, -2.53832
5.31871, -2.63026
5.36905, -2.69386
5.42146, -2.72518
5.47659, -2.71836
5.53377, -2.66822
5.59026, -2.57726
5.64365, -2.45631
5.6935, -2.31587
5.74055, -2.16213
5.78572, -1.99801
5.82983, -1.82478
5.87352, -1.643
5.91728, -1.45289
5.96155, -1.25445
6.0067, -1.04755
6.05309, -0.831985
6.10103, -0.607578
6.15079, -0.374383
6.20253, -0.133049
6.25619, 0.114655
6.31138, 0.365341
6.36741, 0.613998
6.42337, 0.854877
6.47849, 1.08286
6.53231, 1.29441
6.58469, 1.48759
6.63581, 1.66155
6.686, 1.81591
6.7357, 1.95026
6.78544, 2.06383
6.8358, 2.15525
6.88745, 2.22223
6.94109, 2.26135
6.99725, 2.26789
7.05553, 2.23722
7.1139, 2.16932
7.1699, 2.07127
7.22256, 1.95226
7.27217, 1.81899
7.3195, 1.67522
7.36527, 1.52299
7.4101, 1.36345
7.45443, 1.19739
7.49861, 1.02544
7.54291, 0.848182
7.58754, 0.666203
7.63265, 0.480169
7.67836, 0.290865
7.72473, 0.0992413
7.77177, -0.0935303
7.81945, -0.286006
7.86767, -0.476445
7.9163, -0.662846
7.96518, -0.843071
8.01418, -1.01501
8.06321, -1.17673
8.11229, -1.32649
8.16153, -1.46274
8.21111, -1.58397
8.26135, -1.68857
8.31264, -1.77466
8.36549, -1.83979
8.42043, -1.88074
8.47786, -1.89342
8.53744, -1.87382
8.59743, -1.82112
8.65555, -1.74015
8.71054, -1.63853
8.76241, -1.52265
8.81174, -1.39656
8.85918, -1.26267
8.90529, -1.12249
8.95051, -0.97713
8.99515, -0.827492
9.03945, -0.674411
9.08358, -0.51869
9.12768, -0.361119
9.17187, -0.20247
9.21625, -0.0434997
9.26092, 0.115038
9.30597, 0.272344
9.35149, 0.427498
9.39753, 0.579402
9.44412, 0.72677
9.49129, 0.868155
9.53906, 1.00201
9.5875, 1.12673
9.63673, 1.24066
9.68693, 1.34205
9.73839, 1.42899
9.79146, 1.49924
9.84658, 1.55006
9.90416, 1.57806
9.96424, 1.57946
10, 1.56686


0.0001, 0
0.000100053, 5.32687e-08
0.000100094, 9.36667e-08
0.000100128, 1.27664e-07
0.000100158, 1.58194e-07
0.000100187, 1.86743e-07
0.000100215, 2.14122e-07
0.000100241, 2.40798e-07
0.000100268, 2.67045e-07
0.000100294, 2.9303e-07
0.00010032, 3.18854e-07
0.000100346, 3.4458e-07
0.000100372, 3.70246e-07
0.000100397, 3.95877e-07
0.000100423, 4.21488e-07
0.000100449, 4.47088e-07
0.000100475, 4.72682e-07
0.000100501, 4.98275e-07
0.000100527, 5.23869e-07
0.000100552, 5.49464e-07
0.000100578, 5.75063e-07
0.000100604, 6.00665e-07
0.00010063, 6.26271e-07
0.000100656, 6.51882e-07
0.000100682, 6.77496e-07
0.000100708, 7.03116e-07
0.000100734, 7.28739e-07
0.00010076, 7.54367e-07
0.000100786, 7.79999e-07
0.000100812, 8.05637e-07
0.000100838, 8.31278e-07
0.000100864, 8.56924e-07
0.00010089, 8.82575e-07
0.000100917, 9.0823e-07
0.000100943, 9.3389e-07
0.000100969, 9.59555e-07
0.000100995, 9.85224e-07
0.000101021, 1.0109e-06
0.000101047, 1.03658e-06
0.000101074, 1.06226e-06
0.0001011, 1.08795e-06
0.000101126, 1.11364e-06
0.000101152, 1.13934e-06
0.000101179, 1.16504e-06
0.000101205, 1.19074e-06
0.000101231, 1.21646e-06
0.000101258, 1.24217e-06
0.000101284, 1.26789e-06
0.00010131, 1.29362e-06
0.000101337, 1.31935e-06
0.000101363, 1.34508e-06
0.00010139, 1.37082e-06
0.000101416, 1.39657e-06
0.000101443, 1.42231e-06
0.000101469, 1.44807e-06
0.000101496, 1.47383e-06
0.000101522, 1.49959e-06
0.000101549, 1.52536e-06
0.000101575, 1.55113e-06
0.000101602, 1.57691e-06
0.000101629, 1.60269e-06
0.000101655, 1.62848e-06
0.000101682, 1.65427e-06
0.000101709, 1.68007e-06
0.000101735, 1.70587e-06
0.000101762, 1.73168e-06
0.000101789, 1.75749e-06
0.000101815, 1.78331e-06
0.000101842, 1.80913e-06
0.000101869, 1.83495e-06
0.000101896, 1.86079e-06
0.000101923, 1.88662e-06
0.00010195, 1.91246e-06
0.000101976, 1.93831e-06
0.000102003, 1.96416e-06
0.00010203, 1.99002e-06
0.000102057, 2.01588e-06
0.000102084, 2.04174e-06
0.000102111, 2.06762e-06
0.000102138, 2.09349e-06
0.000102165, 2.11937e-06
0.000102192, 2.14526e-06
0.000102219, 2.17115e-06
0.000102246, 2.19705e-06
0.000102273, 2.22295e-06
0.0001023, 2.24885e-06
0.000102327, 2.27476e-06
0.000102354, 2.30068e-06
0.000102382, 2.3266e-06
0.000102409, 2.35253e-06
0.000102436, 2.37846e-06
0.000102463, 2.4044e-06
0.00010249, 2.43034e-06
0.000102518, 2.45629e-06
0.000102545, 2.48224e-06
0.000102572, 2.5082e-06
0.000102599, 2.53416e-06
0.000102627, 2.56013e-06
0.000102654, 2.5861e-06
0.000102681, 2.61208e-06
0.000102709, 2.63806e-06
0.000102736, 2.66405e-06
0.000102764, 2.69004e-06
0.000102791, 2.71604e-06
0.000102819, 2.74205e-06
0.000102846, 2.76806e-06
0.000102874, 2.79407e-06
0.000102901, 2.82009e-06
0.000102929, 2.84612e-06
0.000102956, 2.87215e-06
0.000102984, 2.89818e-06
0.000103011, 2.92422e-06
0.000103039, 2.95027e-06
0.000103067, 2.97632e-06
0.000103094, 3.00238e-06
0.000103122, 3.02844e-06
0.00010315, 3.05451e-06
0.000103177, 3.08058e-06
0.000103205, 3.10666e-06
0.000103233, 3.13274e-06
0.000103261, 3.15883e-06
0.000103289, 3.18493e-06
0.000103316, 3.21103e-06
0.000103344, 3.23713e-06
0.000103372, 3.26324e-06
0.0001034, 3.28936e-06
0.000103428, 3.31548e-06
0.000103456, 3.34161e-06
0.000103484, 3.36774e-06
0.000103512, 3.39388e-06
0.00010354, 3.42002e-06
0.000103568, 3.44617e-06
0.000103596, 3.47233e-06
0.000103624, 3.49849e-06
0.000103652, 3.52465e-06
0.00010368, 3.55083e-06
0.000103708, 3.577e-06
0.000103736, 3.60319e-06
0.000103764, 3.62937e-06
0.000103792, 3.65557e-06
0.000103821, 3.68177e-06
0.000103849, 3.70797e-06
0.000103877, 3.73418e-06
0.000103905, 3.7604e-06
0.000103934, 3.78662e-06
0.000103962, 3.81285e-06
0.00010399, 3.83908e-06
0.000104019, 3.86532e-06
0.000104047, 3.89156e-06
0.000104075, 3.91781e-06
0.000104104, 3.94407e-06
0.000104132, 3.97033e-06
0.000104161, 3.9966e-06
0.000104189, 4.02287e-06
0.000104218, 4.04915e-06
0.000104246, 4.07543e-06
0.000104275, 4.10172e-06
0.000104303, 4.12802e-06
0.000104332, 4.15432e-06
0.00010436, 4.18063e-06
0.000104389, 4.20694e-06
0.000104418, 4.23326e-06
0.000104446, 4.25959e-06
0.000104475, 4.28592e-06
0.000104504, 4.31225e-06
0.000104532, 4.3386e-06
0.000104561, 4.36494e-06
0.00010459, 4.3913e-06
0.000104619, 4.41766e-06
0.000104647, 4.44402e-06
0.000104676, 4.4704e-06
0.000104705, 4.49677e-06
0.000104734, 4.52316e-06
0.000104763, 4.54955e-06
0.000104792, 4.57594e-06
0.000104821, 4.60234e-06
0.00010485, 4.62875e-06
0.000104879, 4.65517e-06
0.000104908, 4.68158e-06
0.000104937, 4.70801e-06
0.000104966, 4.73444e-06
0.000104995, 4.76088e-06
0.000105024, 4.78732e-06
0.000105053, 4.81377e-06
0.000105082, 4.84023e-06
0.000105111, 4.86669e-06
0.00010514, 4.89316e-06
0.00010517, 4.91963e-06
0.000105199, 4.94611e-06
0.000105228, 4.9726e-06
0.000105257, 4.99909e-06
0.000105287, 5.02559e-06
0.000105316, 5.05209e-06
0.000105345, 5.07861e-06
0.000105375, 5.10512e-06
0.000105404, 5.13165e-06
0.000105433, 5.15818e-06
0.000105463, 5.18471e-06
0.000105492, 5.21125e-06
0.000105522, 5.2378e-06
0.000105551, 5.26436e-06
0.000105581, 5.29092e-06
0.00010561, 5.31748e-06
0.00010564, 5.34406e-06
0.000105669, 5.37064e-06
0.000105699, 5.39722e-06
0.000105729, 5.42381e-06
0.000105758, 5.45041e-06
0.000105788, 5.47702e-06
0.000105818, 5.50363e-06
0.000105847, 5.53024e-06
0.000105877, 5.55687e-06
0.000105907, 5.5835e-06
0.000105937, 5.61013e-06
0.000105966, 5.63678e-06
0.000105996, 5.66343e-06
0.000106026, 5.69008e-06
0.000106056, 5.71674e-06
0.000106086, 5.74341e-06
0.000106116, 5.77009e-06
0.000106146, 5.79677e-06
0.000106176, 5.82346e-06
0.000106206, 5.85015e-06
0.000106236, 5.87685e-06
0.000106266, 5.90356e-06
0.000106296, 5.93028e-06
0.000106326, 5.957e-06
0.000106356, 5.98372e-06
0.000106386, 6.01046e-06
0.000106416, 6.0372e-06
0.000106446, 6.06394e-06
0.000106477, 6.0907e-06
0.000106507, 6.11746e-06
0.000106537, 6.14423e-06
0.000106567, 6.171e-06
0.000106598, 6.19778e-06
0.000106628, 6.22457e-06
0.000106658, 6.25136e-06
0.000106689, 6.27816e-06
0.000106719, 6.30497e-06
0.00010675, 6.33178e-06
0.00010678, 6.3586e-06
0.00010681, 6.38543e-06
0.000106841, 6.41226e-06
0.000106871, 6.4391e-06
0.000106902, 6.46595e-06
0.000106933, 6.4928e-06
0.000106963, 6.51966e-06
0.000106994, 6.54653e-06
0.000107024, 6.57341e-06
0.000107055, 6.60029e-06
0.000107086, 6.62718e-06
0.000107116, 6.65407e-06
0.000107147, 6.68097e-06
0.000107178, 6.70788e-06
0.000107209, 6.7348e-06
0.000107239, 6.76172e-06
0.00010727, 6.78865e-06
0.000107301, 6.81559e-06
0.000107332, 6.84253e-06
0.000107363, 6.86948e-06
0.000107394, 6.89644e-06
0.000107425, 6.9234e-06
0.000107456, 6.95038e-06
0.000107487, 6.97735e-06
0.000107518, 7.00434e-06
0.000107549, 7.03133e-06
0.00010758, 7.05833e-06
0.000107611, 7.08534e-06
0.000107642, 7.11235e-06
0.000107673, 7.13937e-06
0.000107704, 7.1664e-06
0.000107736, 7.19344e-06
0.000107767, 7.22048e-06
0.000107798, 7.24753e-06
0.000107829, 7.27459e-06
0.000107861, 7.30165e-06
0.000107892, 7.32872e-06
0.000107923, 7.3558e-06
0.000107955, 7.38288e-06
0.000107986, 7.40998e-06
0.000108017, 7.43708e-06
0.000108049, 7.46418e-06
0.00010808, 7.4913e-06
0.000108112, 7.51842e-06
0.000108143, 7.54555e-06
0.000108175, 7.57269e-06
0.000108206, 7.59983e-06
0.000108238, 7.62698e-06
0.00010827, 7.65414e-06
0.000108301, 7.6813e-06
0.000108333, 7.70848e-06
0.000108365, 7.73566e-06
0.000108396, 7.76285e-06
0.000108428, 7.79004e-06
0.00010846, 7.81724e-06
0.000108492, 7.84445e-06
0.000108524, 7.87167e-06
0.000108555, 7.8989e-06
0.000108587, 7.92613e-06
0.000108619, 7.95337e-06
0.000108651, 7.98062e-06
0.000108683, 8.00787e-06
0.000108715, 8.03513e-06
0.000108747, 8.0624e-06
0.000108779, 8.08968e-06
0.000108811, 8.11697e-06
0.000108843, 8.14426e-06
0.000108875, 8.17156e-06
0.000108908, 8.19887e-06
0.00010894, 8.22618e-06
0.000108972, 8.25351e-06
0.000109004, 8.28084e-06
0.000109036, 8.30818e-06
0.000109069, 8.33552e-06
0.000109101, 8.36288e-06
0.000109133, 8.39024e-06
0.000109166, 8.41761e-06
0.000109198, 8.44499e-06
0.00010923, 8.47237e-06
0.000109263, 8.49977e-06
0.000109295, 8.52717e-06
0.000109328, 8.55458e-06
0.00010936, 8.58199e-06
0.000109393, 8.60942e-06
0.000109425, 8.63685e-06
0.000109458, 8.66429e-06
0.000109491, 8.69174e-06
0.000109523, 8.71919e-06
0.000109556, 8.74665e-06
0.000109589, 8.77413e-06
0.000109621, 8.80161e-06
0.000109654, 8.82909e-06
0.000109687, 8.85659e-06
0.00010972, 8.88409e-06
0.000109753, 8.9116e-06
0.000109785, 8.93912e-06
0.000109818, 8.96665e-06
0.000109851, 8.99419e-06
0.000109884, 9.02173e-06
0.000109917, 9.04928e-06
0.00010995, 9.07684e-06
0.000109983, 9.10441e-06
0.000110016, 9.13198e-06
0.000110049, 9.15957e-06
0.000110082, 9.18716e-06
0.000110116, 9.21476e-06
0.000110149, 9.24237e-06
0.000110182, 9.26999e-06
0.000110215, 9.29761e-06
0.000110248, 9.32524e-06
0.000110282, 9.35289e-06
0.000110315, 9.38054e-06
0.000110348, 9.40819e-06
0.000110382, 9.43586e-06
0.000110415, 9.46353e-06
0.000110448, 9.49122e-06
0.000110482, 9.51891e-06
0.000110515, 9.54661e-06
0.000110549, 9.57432e-06
0.000110582, 9.60203e-06
0.000110616, 9.62976e-06
0.00011065, 9.65749e-06
0.000110683, 9.68523e-06
0.000110717, 9.71298e-06
0.000110751, 9.74074e-06
0.000110784, 9.76851e-06
0.000110818, 9.79628e-06
0.000110852, 9.82407e-06
0.000110886, 9.85186e-06
0.000110919, 9.87966e-06
0.000110953, 9.90747e-06
0.000110987, 9.93529e-06
0.000111021, 9.96311e-06
0.000111055, 9.99095e-06
0.000111089, 1.00188e-05
0.000111123, 1.00466e-05
0.000111157, 1.00745e-05
0.000111191, 1.01024e-05
0.000111225, 1.01303e-05
0.000111259, 1.01581e-05
0.000111293, 1.0186e-05
0.000111327, 1.02139e-05
0.000111362, 1.02419e-05
0.000111396, 1.02698e-05
0.00011143, 1.02977e-05
0.000111464, 1.03256e-05
0.000111499, 1.03536e-05
0.000111533, 1.03816e-05
0.000111567, 1.04095e-05
0.000111602, 1.04375e-05
0.000111636, 1.04655e-05
0.000111671, 1.04935e-05
0.000111705, 1.05215e-05
0.00011174, 1.05495e-05
0.000111774, 1.05775e-05
0.000111809, 1.06055e-05
0.000111843, 1.06336e-05
0.000111878, 1.06616e-05
0.000111913, 1.06897e-05
0.000111947, 1.07177e-05
0.000111982, 1.07458e-05
0.000112017, 1.07739e-05
0.000112052, 1.0802e-05
0.000112087, 1.08301e-05
0.000112121, 1.08582e-05
0.000112156, 1.08863e-05
0.000112191, 1.09144e-05
0.000112226, 1.09426e-05
0.000112261, 1.09707e-05
0.000112296, 1.09989e-05
0.000112331, 1.1027e-05
0.000112366, 1.10552e-05
0.000112401, 1.10834e-05
0.000112436, 1.11116e-05
0.000112472, 1.11398e-05
0.000112507, 1.1168e-05
0.000112542, 1.11962e-05
0.000112577, 1.12245e-05
0.000112613, 1.12527e-05
0.000112648, 1.12809e-05
0.000112683, 1.13092e-05
0.000112719, 1.13375e-05
0.000112754, 1.13658e-05
0.000112789, 1.1394e-05
0.000112825, 1.14223e-05
0.00011286, 1.14506e-05
0.000112896, 1.1479e-05
0.000112932, 1.15073e-05
0.000112967, 1.15356e-05
0.000113003, 1.1564e-05
0.000113038, 1.15923e-05
0.000113074, 1.16207e-05
0.00011311, 1.1649e-05
0.000113146, 1.16774e-05
0.000113181, 1.17058e-05
0.000113217, 1.17342e-05
0.000113253, 1.17626e-05
0.000113289, 1.1791e-05
0.000113325, 1.18195e-05
0.000113361, 1.18479e-05
0.000113397, 1.18764e-05
0.000113433, 1.19048e-05
0.000113469, 1.19333e-05
0.000113505, 1.19618e-05
0.000113541, 1.19903e-05
0.000113577, 1.20188e-05
0.000113613, 1.20473e-05
0.000113649, 1.20758e-05
0.000113686, 1.21043e-05
0.000113722, 1.21329e-05
0.000113758, 1.21614e-05
0.000113795, 1.219e-05
0.000113831, 1.22185e-05
0.000113867, 1.22471e-05
0.000113904, 1.22757e-05
0.00011394, 1.23043e-05
0.000113977, 1.23329e-05
0.000114013, 1.23615e-05
0.00011405, 1.23902e-05
0.000114086, 1.24188e-05
0.000114123, 1.24474e-05
0.00011416, 1.24761e-05
0.000114196, 1.25048e-05
0.000114233, 1.25334e-05
0.00011427, 1.25621e-05
0.000114307, 1.25908e-05
0.000114344, 1.26195e-05
0.00011438, 1.26483e-05
0.000114417, 1.2677e-05
0.000114454, 1.27057e-05
0.000114491, 1.27345e-05
0.000114528, 1.27632e-05
0.000114565, 1.2792e-05
0.000114602, 1.28208e-05
0.000114639, 1.28496e-05
0.000114677, 1.28784e-05
0.000114714, 1.29072e-05
0.000114751, 1.2936e-05
0.000114788, 1.29649e-05
0.000114826, 1.29937e-05
0.000114863, 1.30226e-05
0.0001149, 1.30514e-05
0.000114938, 1.30803e-05
0.000114975, 1.31092e-05
0.000115012, 1.31381e-05
0.00011505, 1.3167e-05
0.000115087, 1.31959e-05
0.000115125, 1.32249e-05
0.000115163, 1.32538e-05
0.0001152, 1.32827e-05
0.000115238, 1.33117e-05
0.000115275, 1.33407e-05
0.000115313, 1.33697e-05
0.000115351, 1.33987e-05
0.000115389, 1.34277e-05
0.000115427, 1.34567e-05
0.000115464, 1.34857e-05
0.000115502, 1.35147e-05
0.00011554, 1.35438e-05
0.000115578, 1.35729e-05
0.000115616, 1.36019e-05
0.000115654, 1.3631e-05
0.000115692, 1.36601e-05
0.00011573, 1.36892e-05
0.000115769, 1.37183e-05
0.000115807, 1.37474e-05
0.000115845, 1.37766e-05
0.000115883, 1.38057e-05
0.000115922, 1.38349e-05
0.00011596, 1.3864e-05
0.000115998, 1.38932e-05
0.000116037, 1.39224e-05
0.000116075, 1.39516e-05
0.000116114, 1.39808e-05
0.000116152, 1.40101e-05
0.000116191, 1.40393e-05
0.000116229, 1.40686e-05
0.000116268, 1.40978e-05
0.000116306, 1.41271e-05
0.000116345, 1.41564e-05
0.000116384, 1.41857e-05
0.000116423, 1.4215e-05
0.000116461, 1.42443e-05
0.0001165, 1.42736e-05
0.000116539, 1.43029e-05
0.000116578, 1.43323e-05
0.000116617, 1.43617e-05
0.000116656, 1.4391e-05
0.000116695, 1.44204e-05
0.000116734, 1.44498e-05
0.000116773, 1.44792e-05
0.000116812, 1.45086e-05
0.000116851, 1.45381e-05
0.000116891, 1.45675e-05
0.00011693, 1.4597e-05
0.000116969, 1.46264e-05
0.000117008, 1.46559e-05
0.000117048, 1.46854e-05
0.000117087, 1.47149e-05
0.000117127, 1.47444e-05
0.000117166, 1.47739e-05
0.000117206, 1.48035e-05
0.000117245, 1.4833e-05
0.000117285, 1.48626e-05
0.000117324, 1.48922e-05
0.000117364, 1.49218e-05
0.000117404, 1.49514e-05
0.000117444, 1.4981e-05
0.000117483, 1.50106e-05
0.000117523, 1.50402e-05
0.000117563, 1.50699e-05
0.000117603, 1.50995e-05
0.000117643, 1.51292e-05
0.000117683, 1.51589e-05
0.000117723, 1.51886e-05
0.000117763, 1.52183e-05
0.000117803, 1.5248e-05
0.000117843, 1.52777e-05
0.000117883, 1.53075e-05
0.000117923, 1.53372e-05
0.000117964, 1.5367e-05
0.000118004, 1.53968e-05
0.000118044, 1.54266e-05
0.000118085, 1.54564e-05
0.000118125, 1.54862e-05
0.000118165, 1.5516e-05
0.000118206, 1.55458e-05
0.000118246, 1.55757e-05
0.000118287, 1.56056e-05
0.000118328, 1.56354e-05
0.000118368, 1.56653e-05
0.000118409, 1.56952e-05
0.00011845, 1.57252e-05
0.00011849, 1.57551e-05
0.000118531, 1.5785e-05
0.000118572, 1.5815e-05
0.000118613, 1.58449e-05
0.000118654, 1.58749e-05
0.000118695, 1.59049e-05
0.000118736, 1.59349e-05
0.000118777, 1.59649e-05
0.000118818, 1.5995e-05
0.000118859, 1.6025e-05
0.0001189, 1.60551e-05
0.000118941, 1.60851e-05
0.000118983, 1.61152e-05
0.000119024, 1.61453e-05
0.000119065, 1.61754e-05
0.000119107, 1.62055e-05
0.000119148, 1.62357e-05
0.00011919, 1.62658e-05
0.000119231, 1.6296e-05
0.000119273, 1.63262e-05
0.000119314, 1.63564e-05
0.000119356, 1.63866e-05
0.000119397, 1.64168e-05
0.000119439, 1.6447e-05
0.000119481, 1.64772e-05
0.000119523, 1.65075e-05
0.000119565, 1.65377e-05
0.000119606, 1.6568e-05
0.000119648, 1.65983e-05
0.00011969, 1.66286e-05
0.000119732, 1.66589e-05
0.000119774, 1.66893e-05
0.000119816, 1.67196e-05
0.000119858, 1.675e-05
0.000119901, 1.67804e-05
0.000119943, 1.68107e-05
0.000119985, 1.68411e-05
0.000120027, 1.68716e-05
0.00012007, 1.6902e-05
0.000120112, 1.69324e-05
0.000120155, 1.69629e-05
0.000120197, 1.69934e-05
0.00012024, 1.70238e-05
0.000120282, 1.70543e-05
0.000120325, 1.70848e-05
0.000120367, 1.71154e-05
0.00012041, 1.71459e-05
0.000120453, 1.71765e-05
0.000120496, 1.7207e-05
0.000120538, 1.72376e-05
0.000120581, 1.72682e-05
0.000120624, 1.72988e-05
0.000120667, 1.73294e-05
0.00012071, 1.73601e-05
0.000120753, 1.73907e-05
0.000120796, 1.74214e-05
0.000120839, 1.7452e-05
0.000120882, 1.74827e-05
0.000120926, 1.75134e-05
0.000120969, 1.75442e-05
0.000121012, 1.75749e-05
0.000121056, 1.76056e-05
0.000121099, 1.76364e-05
0.000121142, 1.76672e-05
0.000121186, 1.7698e-05
0.000121229, 1.77288e-05
0.000121273, 1.77596e-05
0.000121317, 1.77904e-05
0.00012136, 1.78213e-05
0.000121404, 1.78522e-05
0.000121448, 1.7883e-05
0.000121492, 1.79139e-05
0.000121535, 1.79448e-05
0.000121579, 1.79758e-05
0.000121623, 1.80067e-05
0.000121667, 1.80376e-05
0.000121711, 1.80686e-05
0.000121755, 1.80996e-05
0.000121799, 1.81306e-05
0.000121844, 1.81616e-05
0.000121888, 1.81926e-05
0.000121932, 1.82237e-05
0.000121976, 1.82547e-05
0.000122021, 1.82858e-05
0.000122065, 1.83169e-05
0.00012211, 1.8348e-05
0.000122154, 1.83791e-05
0.000122199, 1.84102e-05
0.000122243, 1.84414e-05
0.000122288, 1.84725e-05
0.000122333, 1.85037e-05
0.000122377, 1.85349e-05
0.000122422, 1.85661e-05
0.000122467, 1.85973e-05
0.000122512, 1.86285e-05
0.000122557, 1.86598e-05
0.000122602, 1.86911e-05
0.000122647, 1.87223e-05
0.000122692, 1.87536e-05
0.000122737, 1.8785e-05
0.000122782, 1.88163e-05
0.000122827, 1.88476e-05
0.000122872, 1.8879e-05
0.000122918, 1.89104e-05
0.000122963, 1.89417e-05
0.000123009, 1.89732e-05
0.000123054, 1.90046e-05
0.000123099, 1.9036e-05
0.000123145, 1.90675e-05
0.000123191, 1.90989e-05
0.000123236, 1.91304e-05
0.000123282, 1.91619e-05
0.000123328, 1.91934e-05
0.000123374, 1.9225e-05
0.000123419, 1.92565e-05
0.000123465, 1.92881e-05
0.000123511, 1.93197e-05
0.000123557, 1.93513e-05
0.000123603, 1.93829e-05
0.000123649, 1.94145e-05
0.000123695, 1.94461e-05
0.000123742, 1.94778e-05
0.000123788, 1.95095e-05
0.000123834, 1.95412e-05
0.000123881, 1.95729e-05
0.000123927, 1.96046e-05
0.000123973, 1.96363e-05
0.00012402, 1.96681e-05
0.000124066, 1.96999e-05
0.000124113, 1.97317e-05
0.00012416, 1.97635e-05
0.000124206, 1.97953e-05
0.000124253, 1.98271e-05
0.0001243, 1.9859e-05
0.000124347, 1.98909e-05
0.000124394, 1.99228e-05
0.000124441, 1.99547e-05
0.000124488, 1.99866e-05
0.000124535, 2.00185e-05
0.000124582, 2.00505e-05
0.000124629, 2.00825e-05
0.000124676, 2.01145e-05
0.000124723, 2.01465e-05
0.000124771, 2.01785e-05
0.000124818, 2.02105e-05
0.000124866, 2.02426e-05
0.000124913, 2.02747e-05
0.000124961, 2.03067e-05
0.000125008, 2.03389e-05
0.000125056, 2.0371e-05
0.000125104, 2.04031e-05
0.000125151, 2.04353e-05
0.000125199, 2.04675e-05
0.000125247, 2.04997e-05
0.000125295, 2.05319e-05
0.000125343, 2.05641e-05
0.000125391, 2.05964e-05
0.000125439, 2.06286e-05
0.000125487, 2.06609e-05
0.000125535, 2.06932e-05
0.000125583, 2.07255e-05
0.000125632, 2.07579e-05
0.00012568, 2.07902e-05
0.000125728, 2.08226e-05
0.000125777, 2.0855e-05
0.000125825, 2.08874e-05
0.000125874, 2.09198e-05
0.000125922, 2.09522e-05
0.000125971, 2.09847e-05
0.00012602, 2.10172e-05
0.000126069, 2.10497e-05
0.000126117, 2.10822e-05
0.000126166, 2.11147e-05
0.000126215, 2.11473e-05
0.000126264, 2.11798e-05
0.000126313, 2.12124e-05
0.000126362, 2.1245e-05
0.000126412, 2.12776e-05
0.000126461, 2.13103e-05
0.00012651, 2.13429e-05
0.000126559, 2.13756e-05
0.000126609, 2.14083e-05
0.000126658, 2.1441e-05
0.000126708, 2.14738e-05
0.000126757, 2.15065e-05
0.000126807, 2.15393e-05
0.000126857, 2.15721e-05
0.000126906, 2.16049e-05
0.000126956, 2.16377e-05
0.000127006, 2.16705e-05
0.000127056, 2.17034e-05
0.000127106, 2.17363e-05
0.000127156, 2.17692e-05
0.000127206, 2.18021e-05
0.000127256, 2.1835e-05
0.000127306, 2.1868e-05
0.000127356, 2.1901e-05
0.000127407, 2.1934e-05
0.000127457, 2.1967e-05
0.000127508, 2.2e-05
0.000127558, 2.20331e-05
0.000127609, 2.20661e-05
0.000127659, 2.20992e-05
0.00012771, 2.21323e-05
0.000127761, 2.21655e-05
0.000127811, 2.21986e-05
0.000127862, 2.22318e-05
0.000127913, 2.2265e-05
0.000127964, 2.22982e-05
0.000128015, 2.23314e-05
0.000128066, 2.23646e-05
0.000128117, 2.23979e-05
0.000128168, 2.24312e-05
0.00012822, 2.24645e-05
0.000128271, 2.24978e-05
0.000128322, 2.25312e-05
0.000128374, 2.25645e-05
0.000128425, 2.25979e-05
0.000128477, 2.26313e-05
0.000128528, 2.26647e-05
0.00012858, 2.26982e-05
0.000128632, 2.27316e-05
0.000128684, 2.27651e-05
0.000128736, 2.27986e-05
0.000128787, 2.28321e-05
0.000128839, 2.28657e-05
0.000128892, 2.28993e-05
0.000128944, 2.29328e-05
0.000128996, 2.29664e-05
0.000129048, 2.30001e-05
0.0001291, 2.30337e-05
0.000129153, 2.30674e-05
0.000129205, 2.31011e-05
0.000129258, 2.31348e-05
0.00012931, 2.31685e-05
0.000129363, 2.32023e-05
0.000129415, 2.3236e-05
0.000129468, 2.32698e-05
0.000129521, 2.33036e-05
0.000129574, 2.33375e-05
0.000129627, 2.33713e-05
0.00012968, 2.34052e-05
0.000129733, 2.34391e-05
0.000129786, 2.3473e-05
0.000129839, 2.35069e-05
0.000129892, 2.35409e-05
0.000129946, 2.35749e-05
0.000129999, 2.36089e-05
0.000130053, 2.36429e-05
0.000130106, 2.36769e-05
0.00013016, 2.3711e-05
0.000130213, 2.37451e-05
0.000130267, 2.37792e-05
0.000130321, 2.38133e-05
0.000130375, 2.38475e-05
0.000130428, 2.38816e-05
0.000130482, 2.39158e-05
0.000130536, 2.39501e-05
0.000130591, 2.39843e-05
0.000130645, 2.40186e-05
0.000130699, 2.40528e-05
0.000130753, 2.40871e-05
0.000130808, 2.41215e-05
0.000130862, 2.41558e-05
0.000130917, 2.41902e-05
0.000130971, 2.42246e-05
0.000131026, 2.4259e-05
0.00013108, 2.42934e-05
0.000131135, 2.43279e-05
0.00013119, 2.43624e-05
0.000131245, 2.43969e-05
0.0001313, 2.44314e-05
0.000131355, 2.44659e-05
0.00013141, 2.45005e-05
0.000131465, 2.45351e-05
0.000131521, 2.45697e-05
0.000131576, 2.46044e-05
0.000131631, 2.4639e-05
0.000131687, 2.46737e-05
0.000131742, 2.47084e-05
0.000131798, 2.47432e-05
0.000131853, 2.47779e-05
0.000131909, 2.48127e-05
0.000131965, 2.48475e-05
0.000132021, 2.48823e-05
0.000132077, 2.49172e-05
0.000132133, 2.4952e-05
0.000132189, 2.49869e-05
0.000132245, 2.50218e-05
0.000132301, 2.50568e-05
0.000132358, 2.50917e-05
0.000132414, 2.51267e-05
0.00013247, 2.51617e-05
0.000132527, 2.51968e-05
0.000132584, 2.52318e-05
0.00013264, 2.52669e-05
0.000132697, 2.5302e-05
0.000132754, 2.53371e-05
0.000132811, 2.53723e-05
0.000132868, 2.54075e-05
0.000132925, 2.54427e-05
0.000132982, 2.54779e-05
0.000133039, 2.55131e-05
0.000133096, 2.55484e-05
0.000133153, 2.55837e-05
0.000133211, 2.5619e-05
0.000133268, 2.56544e-05
0.000133326, 2.56897e-05
0.000133383, 2.57251e-05
0.000133441, 2.57606e-05
0.000133499, 2.5796e-05
0.000133557, 2.58315e-05
0.000133614, 2.5867e-05
0.000133672, 2.59025e-05
0.00013373, 2.5938e-05
0.000133789, 2.59736e-05
0.000133847, 2.60092e-05
0.000133905, 2.60448e-05
0.000133963, 2.60805e-05
0.000134022, 2.61161e-05
0.00013408, 2.61518e-05
0.000134139, 2.61875e-05
0.000134198, 2.62233e-05
0.000134256, 2.6259e-05
0.000134315, 2.62948e-05
0.000134374, 2.63307e-05
0.000134433, 2.63665e-05
0.000134492, 2.64024e-05
0.000134551, 2.64383e-05
0.00013461, 2.64742e-05
0.00013467, 2.65102e-05
0.000134729, 2.65461e-05
0.000134788, 2.65821e-05
0.000134848, 2.66182e-05
0.000134908, 2.66542e-05
0.000134967, 2.66903e-05
0.000135027, 2.67264e-05
0.000135087, 2.67625e-05
0.000135147, 2.67987e-05
0.000135207, 2.68349e-05
0.000135267, 2.68711e-05
0.000135327, 2.69073e-05
0.000135387, 2.69436e-05
0.000135447, 2.69799e-05
0.000135508, 2.70162e-05
0.000135568, 2.70525e-05
0.000135629, 2.70889e-05
0.000135689, 2.71253e-05
0.00013575, 2.71617e-05
0.000135811, 2.71982e-05
0.000135872, 2.72347e-05
0.000135933, 2.72712e-05
0.000135994, 2.73077e-05
0.000136055, 2.73443e-05
0.000136116, 2.73808e-05
0.000136177, 2.74175e-05
0.000136239, 2.74541e-05
0.0001363, 2.74908e-05
0.000136362, 2.75275e-05
0.000136423, 2.75642e-05
0.000136485, 2.76009e-05
0.000136547, 2.76377e-05
0.000136609, 2.76745e-05
0.000136671, 2.77114e-05
0.000136733, 2.77482e-05
0.000136795, 2.77851e-05
0.000136857, 2.78221e-05
0.000136919, 2.7859e-05
0.000136982, 2.7896e-05
0.000137044, 2.7933e-05
0.000137107, 2.797e-05
0.000137169, 2.80071e-05
0.000137232, 2.80442e-05
0.000137295, 2.80813e-05
0.000137358, 2.81185e-05
0.000137421, 2.81556e-05
0.000137484, 2.81928e-05
0.000137547, 2.82301e-05
0.00013761, 2.82673e-05
0.000137673, 2.83046e-05
0.000137737, 2.8342e-05
0.0001378, 2.83793e-05
0.000137864, 2.84167e-05
0.000137928, 2.84541e-05
0.000137991, 2.84916e-05
0.000138055, 2.8529e-05
0.000138119, 2.85665e-05
0.000138183, 2.86041e-05
0.000138247, 2.86416e-05
0.000138311, 2.86792e-05
0.000138376, 2.87168e-05
0.00013844, 2.87545e-05
0.000138505, 2.87922e-05
0.000138569, 2.88299e-05
0.000138634, 2.88676e-05
0.000138699, 2.89054e-05
0.000138763, 2.89432e-05
0.000138828, 2.8981e-05
0.000138893, 2.90189e-05
0.000138958, 2.90568e-05
0.000139024, 2.90947e-05
0.000139089, 2.91327e-05
0.000139154, 2.91706e-05
0.00013922, 2.92087e-05
0.000139285, 2.92467e-05
0.000139351, 2.92848e-05
0.000139417, 2.93229e-05
0.000139483, 2.9361e-05
0.000139549, 2.93992e-05
0.000139615, 2.94374e-05
0.000139681, 2.94756e-05
0.000139747, 2.95139e-05
0.000139813, 2.95522e-05
0.00013988, 2.95905e-05
0.000139946, 2.96289e-05
0.000140013, 2.96673e-05
0.00014008, 2.97057e-05
0.000140146, 2.97442e-05
0.000140213, 2.97827e-05
0.00014028, 2.98212e-05
0.000140347, 2.98598e-05
0.000140415, 2.98983e-05
0.000140482, 2.9937e-05
0.000140549, 2.99756e-05
0.000140617, 3.00143e-05
0.000140684, 3.0053e-05
0.000140752, 3.00918e-05
0.00014082, 3.01306e-05
0.000140888, 3.01694e-05
0.000140956, 3.02082e-05
0.000141024, 3.02471e-05
0.000141092, 3.0286e-05
0.00014116, 3.0325e-05
0.000141229, 3.0364e-05
0.000141297, 3.0403e-05
0.000141366, 3.0442e-05
0.000141434, 3.04811e-05
0.000141503, 3.05202e-05
0.000141572, 3.05594e-05
0.000141641, 3.05986e-05
0.00014171, 3.06378e-05
0.000141779, 3.06771e-05
0.000141848, 3.07163e-05
0.000141918, 3.07557e-05
0.000141987, 3.0795e-05
0.000142057, 3.08344e-05
0.000142127, 3.08738e-05
0.000142196, 3.09133e-05
0.000142266, 3.09528e-05
0.000142336, 3.09923e-05
0.000142406, 3.10319e-05
0.000142477, 3.10715e-05
0.000142547, 3.11111e-05
0.000142617, 3.11508e-05
0.000142688, 3.11905e-05
0.000142759, 3.12303e-05
0.000142829, 3.12701e-05
0.0001429, 3.13099e-05
0.000142971, 3.13497e-05
0.000143042, 3.13896e-05
0.000143113, 3.14295e-05
0.000143185, 3.14695e-05
0.000143256, 3.15095e-05
0.000143327, 3.15495e-05
0.000143399, 3.15896e-05
0.000143471, 3.16297e-05
0.000143543, 3.16698e-05
0.000143615, 3.171e-05
0.000143687, 3.17502e-05
0.000143759, 3.17905e-05
0.000143831, 3.18308e-05
0.000143903, 3.18711e-05
0.000143976, 3.19114e-05
0.000144048, 3.19518e-05
0.000144121, 3.19923e-05
0.000144194, 3.20328e-05
0.000144267, 3.20733e-05
0.00014434, 3.21138e-05
0.000144413, 3.21544e-05
0.000144486, 3.2195e-05
0.00014456, 3.22357e-05
0.000144633, 3.22764e-05
0.000144707, 3.23171e-05
0.00014478, 3.23579e-05
0.000144854, 3.23987e-05
0.000144928, 3.24396e-05
0.000145002, 3.24805e-05
0.000145077, 3.25214e-05
0.000145151, 3.25624e-05
0.000145225, 3.26034e-05
0.0001453, 3.26444e-05
0.000145374, 3.26855e-05
0.000145449, 3.27267e-05
0.000145524, 3.27678e-05
0.000145599, 3.2809e-05
0.000145674, 3.28503e-05
0.000145749, 3.28916e-05
0.000145825, 3.29329e-05
0.0001459, 3.29742e-05
0.000145976, 3.30157e-05
0.000146051, 3.30571e-05
0.000146127, 3.30986e-05
0.000146203, 3.31401e-05
0.000146279, 3.31817e-05
0.000146355, 3.32233e-05
0.000146432, 3.32649e-05
0.000146508, 3.33066e-05
0.000146585, 3.33484e-05
0.000146661, 3.33901e-05
0.000146738, 3.34319e-05
0.000146815, 3.34738e-05
0.000146892, 3.35157e-05
0.000146969, 3.35576e-05
0.000147047, 3.35996e-05
0.000147124, 3.36416e-05
0.000147201, 3.36837e-05
0.000147279, 3.37258e-05
0.000147357, 3.37679e-05
0.000147435, 3.38101e-05
0.000147513, 3.38524e-05
0.000147591, 3.38946e-05
0.000147669, 3.3937e-05
0.000147748, 3.39793e-05
0.000147826, 3.40217e-05
0.000147905, 3.40642e-05
0.000147984, 3.41066e-05
0.000148063, 3.41492e-05
0.000148142, 3.41918e-05
0.000148221, 3.42344e-05
0.0001483, 3.4277e-05
0.00014838, 3.43197e-05
0.000148459, 3.43625e-05
0.000148539, 3.44053e-05
0.000148619, 3.44481e-05
0.000148699, 3.4491e-05
0.000148779, 3.45339e-05
0.000148859, 3.45769e-05
0.000148939, 3.46199e-05
0.00014902, 3.4663e-05
0.000149101, 3.47061e-05
0.000149181, 3.47492e-05
0.000149262, 3.47924e-05
0.000149343, 3.48357e-05
0.000149424, 3.4879e-05
0.000149506, 3.49223e-05
0.000149587, 3.49657e-05
0.000149669, 3.50091e-05
0.00014975, 3.50526e-05
0.000149832, 3.50961e-05
0.000149914, 3.51397e-05
0.000149996, 3.51833e-05
0.000150079, 3.52269e-05
0.000150161, 3.52706e-05
0.000150244, 3.53144e-05
0.000150326, 3.53582e-05
0.000150409, 3.5402e-05
0.000150492, 3.54459e-05
0.000150575, 3.54898e-05
0.000150658, 3.55338e-05
0.000150742, 3.55779e-05
0.000150825, 3.56219e-05
0.000150909, 3.56661e-05
0.000150993, 3.57102e-05
0.000151077, 3.57545e-05
0.000151161, 3.57987e-05
0.000151245, 3.58431e-05
0.000151329, 3.58874e-05
0.000151414, 3.59319e-05
0.000151499, 3.59763e-05
0.000151583, 3.60208e-05
0.000151668, 3.60654e-05
0.000151753, 3.611e-05
0.000151839, 3.61547e-05
0.000151924, 3.61994e-05
0.00015201, 3.62442e-05
0.000152095, 3.6289e-05
0.000152181, 3.63339e-05
0.000152267, 3.63788e-05
0.000152353, 3.64238e-05
0.00015244, 3.64688e-05
0.000152526, 3.65138e-05
0.000152613, 3.6559e-05
0.000152699, 3.66041e-05
0.000152786, 3.66494e-05
0.000152873, 3.66946e-05
0.000152961, 3.674e-05
0.000153048, 3.67853e-05
0.000153135, 3.68308e-05
0.000153223, 3.68762e-05
0.000153311, 3.69218e-05
0.000153399, 3.69674e-05
0.000153487, 3.7013e-05
0.000153575, 3.70587e-05
0.000153664, 3.71044e-05
0.000153752, 3.71502e-05
0.000153841, 3.71961e-05
0.00015393, 3.7242e-05
0.000154019, 3.72879e-05
0.000154108, 3.7334e-05
0.000154198, 3.738e-05
0.000154287, 3.74261e-05
0.000154377, 3.74723e-05
0.000154467, 3.75185e-05
0.000154557, 3.75648e-05
0.000154647, 3.76112e-05
0.000154737, 3.76576e-05
0.000154828, 3.7704e-05
0.000154919, 3.77505e-05
0.000155009, 3.77971e-05
0.0001551, 3.78437e-05
0.000155192, 3.78903e-05
0.000155283, 3.79371e-05
0.000155374, 3.79839e-05
0.000155466, 3.80307e-05
0.000155558, 3.80776e-05
0.00015565, 3.81245e-05
0.000155742, 3.81716e-05
0.000155835, 3.82186e-05
0.000155927, 3.82657e-05
0.00015602, 3.83129e-05
0.000156113, 3.83602e-05
0.000156206, 3.84075e-05
0.000156299, 3.84548e-05
0.000156392, 3.85022e-05
0.000156486, 3.85497e-05
0.000156579, 3.85972e-05
0.000156673, 3.86448e-05
0.000156767, 3.86925e-05
0.000156862, 3.87402e-05
0.000156956, 3.87879e-05
0.000157051, 3.88358e-05
0.000157145, 3.88836e-05
0.00015724, 3.89316e-05
0.000157336, 3.89796e-05
0.000157431, 3.90277e-05
0.000157526, 3.90758e-05
0.000157622, 3.9124e-05
0.000157718, 3.91722e-05
0.000157814, 3.92205e-05
0.00015791, 3.92689e-05
0.000158006, 3.93173e-05
0.000158103, 3.93658e-05
0.0001582, 3.94144e-05
0.000158297, 3.9463e-05
0.000158394, 3.95117e-05
0.000158491, 3.95604e-05
0.000158589, 3.96092e-05
0.000158686, 3.96581e-05
0.000158784, 3.9707e-05
0.000158882, 3.9756e-05
0.00015898, 3.98051e-05
0.000159079, 3.98542e-05
0.000159177, 3.99034e-05
0.000159276, 3.99526e-05
0.000159375, 4.00019e-05
0.000159474, 4.00513e-05
0.000159574, 4.01008e-05
0.000159673, 4.01503e-05
0.000159773, 4.01998e-05
0.000159873, 4.02495e-05
0.000159973, 4.02992e-05
0.000160074, 4.0349e-05
0.000160174, 4.03988e-05
0.000160275, 4.04487e-05
0.000160376, 4.04987e-05
0.000160477, 4.05487e-05
0.000160578, 4.05988e-05
0.00016068, 4.0649e-05
0.000160781, 4.06992e-05
0.000160883, 4.07495e-05
0.000160985, 4.07999e-05
0.000161088, 4.08504e-05
0.00016119, 4.09009e-05
0.000161293, 4.09515e-05
0.000161396, 4.10021e-05
0.000161499, 4.10528e-05
0.000161603, 4.11036e-05
0.000161706, 4.11545e-05
0.00016181, 4.12054e-05
0.000161914, 4.12564e-05
0.000162018, 4.13075e-05
0.000162122, 4.13586e-05
0.000162227, 4.14098e-05
0.000162332, 4.14611e-05
0.000162437, 4.15125e-05
0.000162542, 4.15639e-05
0.000162647, 4.16154e-05
0.000162753, 4.1667e-05
0.000162859, 4.17186e-05
0.000162965, 4.17703e-05
0.000163071, 4.18221e-05
0.000163178, 4.1874e-05
0.000163285, 4.19259e-05
0.000163392, 4.19779e-05
0.000163499, 4.203e-05
0.000163606, 4.20822e-05
0.000163714, 4.21344e-05
0.000163821, 4.21867e-05
0.00016393, 4.22391e-05
0.000164038, 4.22916e-05
0.000164146, 4.23441e-05
0.000164255, 4.23967e-05
0.000164364, 4.24494e-05
0.000164473, 4.25021e-05
0.000164582, 4.2555e-05
0.000164692, 4.26079e-05
0.000164802, 4.26609e-05
0.000164912, 4.2714e-05
0.000165022, 4.27671e-05
0.000165133, 4.28203e-05
0.000165244, 4.28736e-05
0.000165355, 4.2927e-05
0.000165466, 4.29805e-05
0.000165577, 4.3034e-05
0.000165689, 4.30876e-05
0.000165801, 4.31413e-05
0.000165913, 4.31951e-05
0.000166026, 4.3249e-05
0.000166138, 4.33029e-05
0.000166251, 4.3357e-05
0.000166364, 4.34111e-05
0.000166478, 4.34653e-05
0.000166591, 4.35195e-05
0.000166705, 4.35739e-05
0.000166819, 4.36283e-05
0.000166933, 4.36828e-05
0.000167048, 4.37374e-05
0.000167163, 4.37921e-05
0.000167278, 4.38469e-05
0.000167393, 4.39017e-05
0.000167509, 4.39567e-05
0.000167625, 4.40117e-05
0.000167741, 4.40668e-05
0.000167857, 4.4122e-05
0.000167974, 4.41772e-05
0.000168091, 4.42326e-05
0.000168208, 4.42881e-05
0.000168325, 4.43436e-05
0.000168443, 4.43992e-05
0.00016856, 4.44549e-05
0.000168679, 4.45107e-05
0.000168797, 4.45666e-05
0.000168916, 4.46226e-05
0.000169034, 4.46786e-05
0.000169154, 4.47348e-05
0.000169273, 4.4791e-05
0.000169393, 4.48474e-05
0.000169513, 4.49038e-05
0.000169633, 4.49603e-05
0.000169753, 4.50169e-05
0.000169874, 4.50736e-05
0.000169995, 4.51304e-05
0.000170116, 4.51872e-05
0.000170238, 4.52442e-05
0.00017036, 4.53013e-05
0.000170482, 4.53584e-05
0.000170604, 4.54157e-05
0.000170727, 4.5473e-05
0.00017085, 4.55304e-05
0.000170973, 4.5588e-05
0.000171097, 4.56456e-05
0.00017122, 4.57033e-05
0.000171345, 4.57611e-05
0.000171469, 4.5819e-05
0.000171594, 4.5877e-05
0.000171718, 4.59351e-05
0.000171844, 4.59933e-05
0.000171969, 4.60516e-05
0.000172095, 4.611e-05
0.000172221, 4.61685e-05
0.000172347, 4.62271e-05
0.000172474, 4.62858e-05
0.000172601, 4.63446e-05
0.000172728, 4.64035e-05
0.000172856, 4.64625e-05
0.000172983, 4.65215e-05
0.000173112, 4.65807e-05
0.00017324, 4.664e-05
0.000173369, 4.66994e-05
0.000173498, 4.67589e-05
0.000173627, 4.68185e-05
0.000173757, 4.68782e-05
0.000173887, 4.6938e-05
0.000174017, 4.69979e-05
0.000174147, 4.70579e-05
0.000174278, 4.7118e-05
0.000174409, 4.71783e-05
0.000174541, 4.72386e-05
0.000174673, 4.7299e-05
0.000174805, 4.73596e-05
0.000174937, 4.74202e-05
0.00017507, 4.7481e-05
0.000175203, 4.75418e-05
0.000175336, 4.76028e-05
0.00017547, 4.76639e-05
0.000175604, 4.7725e-05
0.000175738, 4.77863e-05
0.000175873, 4.78477e-05
0.000176008, 4.79093e-05
0.000176143, 4.79709e-05
0.000176279, 4.80326e-05
0.000176415, 4.80945e-05
0.000176551, 4.81564e-05
0.000176688, 4.82185e-05
0.000176825, 4.82807e-05
0.000176962, 4.8343e-05
0.0001771, 4.84054e-05
0.000177238, 4.84679e-05
0.000177376, 4.85306e-05
0.000177515, 4.85933e-05
0.000177654, 4.86562e-05
0.000177793, 4.87192e-05
0.000177933, 4.87823e-05
0.000178073, 4.88455e-05
0.000178213, 4.89089e-05
0.000178354, 4.89724e-05
0.000178495, 4.90359e-05
0.000178636, 4.90996e-05
0.000178778, 4.91635e-05
0.00017892, 4.92274e-05
0.000179063, 4.92915e-05
0.000179205, 4.93557e-05
0.000179349, 4.942e-05
0.000179492, 4.94844e-05
0.000179636, 4.9549e-05
0.000179781, 4.96136e-05
0.000179925, 4.96784e-05
0.00018007, 4.97434e-05
0.000180216, 4.98084e-05
0.000180361, 4.98736e-05
0.000180508, 4.99389e-05
0.000180654, 5.00043e-05
0.000180801, 5.00699e-05
0.000180948, 5.01356e-05
0.000181096, 5.02014e-05
0.000181244, 5.02673e-05
0.000181392, 5.03334e-05
0.000181541, 5.03996e-05
0.00018169, 5.0466e-05
0.00018184, 5.05324e-05
0.00018199, 5.0599e-05
0.00018214, 5.06658e-05
0.000182291, 5.07326e-05
0.000182442, 5.07996e-05
0.000182594, 5.08668e-05
0.000182746, 5.0934e-05
0.000182898, 5.10015e-05
0.000183051, 5.1069e-05
0.000183204, 5.11367e-05
0.000183358, 5.12045e-05
0.000183512, 5.12725e-05
0.000183666, 5.13406e-05
0.000183821, 5.14088e-05
0.000183976, 5.14772e-05
0.000184132, 5.15457e-05
0.000184288, 5.16144e-05
0.000184444, 5.16832e-05
0.000184601, 5.17521e-05
0.000184758, 5.18212e-05
0.000184916, 5.18904e-05
0.000185074, 5.19598e-05
0.000185233, 5.20293e-05
0.000185392, 5.2099e-05
0.000185551, 5.21688e-05
0.000185711, 5.22388e-05
0.000185872, 5.23089e-05
0.000186032, 5.23791e-05
0.000186194, 5.24496e-05
0.000186355, 5.25201e-05
0.000186517, 5.25908e-05
0.00018668, 5.26617e-05
0.000186843, 5.27327e-05
0.000187006, 5.28039e-05
0.00018717, 5.28752e-05
0.000187335, 5.29467e-05
0.0001875, 5.30183e-05
0.000187665, 5.30901e-05
0.000187831, 5.31621e-05
0.000187997, 5.32342e-05
0.000188164, 5.33064e-05
0.000188331, 5.33789e-05
0.000188498, 5.34514e-05
0.000188666, 5.35242e-05
0.000188835, 5.35971e-05
0.000189004, 5.36702e-05
0.000189174, 5.37434e-05
0.000189344, 5.38168e-05
0.000189514, 5.38903e-05
0.000189685, 5.39641e-05
0.000189857, 5.4038e-05
0.000190029, 5.4112e-05
0.000190201, 5.41863e-05
0.000190374, 5.42607e-05
0.000190548, 5.43352e-05
0.000190722, 5.441e-05
0.000190896, 5.44849e-05
0.000191071, 5.45599e-05
0.000191247, 5.46352e-05
0.000191423, 5.47106e-05
0.000191599, 5.47862e-05
0.000191776, 5.4862e-05
0.000191954, 5.4938e-05
0.000192132, 5.50141e-05
0.00019231, 5.50904e-05
0.00019249, 5.51669e-05
0.000192669, 5.52436e-05
0.00019285, 5.53204e-05
0.00019303, 5.53975e-05
0.000193212, 5.54747e-05
0.000193394, 5.55521e-05
0.000193576, 5.56297e-05
0.000193759, 5.57074e-05
0.000193942, 5.57854e-05
0.000194126, 5.58636e-05
0.000194311, 5.59419e-05
0.000194496, 5.60204e-05
0.000194682, 5.60991e-05
0.000194868, 5.6178e-05
0.000195055, 5.62571e-05
0.000195243, 5.63364e-05
0.000195431, 5.64159e-05
0.000195619, 5.64956e-05
0.000195808, 5.65755e-05
0.000195998, 5.66556e-05
0.000196188, 5.67359e-05
0.000196379, 5.68163e-05
0.000196571, 5.6897e-05
0.000196763, 5.69779e-05
0.000196956, 5.7059e-05
0.000197149, 5.71403e-05
0.000197343, 5.72218e-05
0.000197538, 5.73035e-05
0.000197733, 5.73854e-05
0.000197929, 5.74675e-05
0.000198125, 5.75498e-05
0.000198322, 5.76324e-05
0.00019852, 5.77151e-05
0.000198718, 5.77981e-05
0.000198917, 5.78813e-05
0.000199116, 5.79647e-05
0.000199317, 5.80483e-05
0.000199517, 5.81321e-05
0.000199719, 5.82161e-05
0.000199921, 5.83004e-05
0.000200124, 5.83849e-05
0.000200327, 5.84696e-05
0.000200531, 5.85545e-05
0.000200736, 5.86397e-05
0.000200942, 5.87251e-05
0.000201148, 5.88107e-05
0.000201355, 5.88966e-05
0.000201562, 5.89826e-05
0.00020177, 5.90689e-05
0.000201979, 5.91555e-05
0.000202189, 5.92423e-05
0.000202399, 5.93293e-05
0.00020261, 5.94165e-05
0.000202821, 5.9504e-05
0.000203034, 5.95917e-05
0.000203247, 5.96797e-05
0.000203461, 5.97679e-05
0.000203675, 5.98564e-05
0.00020389, 5.99451e-05
0.000204106, 6.0034e-05
0.000204323, 6.01232e-05
0.00020454, 6.02127e-05
0.000204759, 6.03023e-05
0.000204977, 6.03923e-05
0.000205197, 6.04825e-05
0.000205418, 6.0573e-05
0.000205639, 6.06637e-05
0.000205861, 6.07546e-05
0.000206083, 6.08459e-05
0.000206307, 6.09374e-05
0.000206531, 6.10291e-05
0.000206756, 6.11211e-05
0.000206982, 6.12134e-05
0.000207209, 6.1306e-05
0.000207436, 6.13988e-05
0.000207664, 6.14919e-05
0.000207893, 6.15853e-05
0.000208123, 6.16789e-05
0.000208354, 6.17728e-05
0.000208585, 6.1867e-05
0.000208818, 6.19615e-05
0.000209051, 6.20563e-05
0.000209285, 6.21513e-05
0.00020952, 6.22466e-05
0.000209755, 6.23422e-05
0.000209992, 6.24381e-05
0.000210229, 6.25343e-05
0.000210468, 6.26308e-05
0.000210707, 6.27276e-05
0.000210947, 6.28246e-05
0.000211187, 6.2922e-05
0.000211429, 6.30197e-05
0.000211672, 6.31176e-05
0.000211915, 6.32159e-05
0.00021216, 6.33145e-05
0.000212405, 6.34134e-05
0.000212651, 6.35125e-05
0.000212899, 6.3612e-05
0.000213147, 6.37118e-05
0.000213396, 6.3812e-05
0.000213646, 6.39124e-05
0.000213897, 6.40132e-05
0.000214148, 6.41143e-05
0.000214401, 6.42157e-05
0.000214655, 6.43174e-05
0.00021491, 6.44194e-05
0.000215166, 6.45218e-05
0.000215422, 6.46245e-05
0.00021568, 6.47276e-05
0.000215939, 6.4831e-05
0.000216198, 6.49347e-05
0.000216459, 6.50387e-05
0.000216721, 6.51431e-05
0.000216983, 6.52479e-05
0.000217247, 6.5353e-05
0.000217512, 6.54584e-05
0.000217778, 6.55642e-05
0.000218044, 6.56703e-05
0.000218312, 6.57769e-05
0.000218581, 6.58837e-05
0.000218851, 6.59909e-05
0.000219123, 6.60985e-05
0.000219395, 6.62065e-05
0.000219668, 6.63148e-05
0.000219942, 6.64235e-05
0.000220218, 6.65325e-05
0.000220495, 6.6642e-05
0.000220772, 6.67518e-05
0.000221051, 6.6862e-05
0.000221331, 6.69726e-05
0.000221612, 6.70835e-05
0.000221895, 6.71949e-05
0.000222178, 6.73066e-05
0.000222463, 6.74188e-05
0.000222748, 6.75313e-05
0.000223035, 6.76442e-05
0.000223324, 6.77576e-05
0.000223613, 6.78713e-05
0.000223904, 6.79855e-05
0.000224195, 6.81001e-05
0.000224488, 6.8215e-05
0.000224783, 6.83304e-05
0.000225078, 6.84463e-05
0.000225375, 6.85625e-05
0.000225673, 6.86792e-05
0.000225972, 6.87963e-05
0.000226273, 6.89138e-05
0.000226575, 6.90318e-05
0.000226878, 6.91502e-05
0.000227182, 6.9269e-05
0.000227488, 6.93883e-05
0.000227795, 6.95081e-05
0.000228104, 6.96282e-05
0.000228414, 6.97489e-05
0.000228725, 6.987e-05
0.000229038, 6.99916e-05
0.000229352, 7.01136e-05
0.000229667, 7.02361e-05
0.000229984, 7.03591e-05
0.000230302, 7.04826e-05
0.000230621, 7.06065e-05
0.000230942, 7.07309e-05
0.000231265, 7.08558e-05
0.000231589, 7.09812e-05
0.000231914, 7.11071e-05
0.000232241, 7.12335e-05
0.000232569, 7.13604e-05
0.000232899, 7.14878e-05
0.000233231, 7.16157e-05
0.000233564, 7.17441e-05
0.000233898, 7.18731e-05
0.000234234, 7.20026e-05
0.000234572, 7.21325e-05
0.000234911, 7.22631e-05
0.000235251, 7.23941e-05
0.000235594, 7.25257e-05
0.000235938, 7.26579e-05
0.000236283, 7.27906e-05
0.000236631, 7.29238e-05
0.000236979, 7.30576e-05
0.00023733, 7.3192e-05
0.000237682, 7.33269e-05
0.000238036, 7.34624e-05
0.000238392, 7.35985e-05
0.000238749, 7.37351e-05
0.000239108, 7.38724e-05
0.000239469, 7.40102e-05
0.000239831, 7.41486e-05
0.000240196, 7.42876e-05
0.000240562, 7.44272e-05
0.00024093, 7.45675e-05
0.0002413, 7.47083e-05
0.000241671, 7.48498e-05
0.000242045, 7.49919e-05
0.00024242, 7.51346e-05
0.000242797, 7.5278e-05
0.000243176, 7.5422e-05
0.000243558, 7.55666e-05
0.000243941, 7.57119e-05
0.000244326, 7.58579e-05
0.000244712, 7.60045e-05
0.000245101, 7.61518e-05
0.000245492, 7.62998e-05
0.000245885, 7.64484e-05
0.00024628, 7.65977e-05
0.000246677, 7.67478e-05
0.000247076, 7.68985e-05
0.000247478, 7.70499e-05
0.000247881, 7.72021e-05
0.000248286, 7.73549e-05
0.000248694, 7.75085e-05
0.000249104, 7.76628e-05
0.000249516, 7.78179e-05
0.00024993, 7.79737e-05
0.000250346, 7.81302e-05
0.000250765, 7.82875e-05
0.000251186, 7.84456e-05
0.000251609, 7.86045e-05
0.000252035, 7.87641e-05
0.000252463, 7.89245e-05
0.000252893, 7.90857e-05
0.000253326, 7.92477e-05
0.000253761, 7.94105e-05
0.000254198, 7.95742e-05
0.000254638, 7.97386e-05
0.000255081, 7.99039e-05
0.000255526, 8.007e-05
0.000255973, 8.0237e-05
0.000256423, 8.04049e-05
0.000256876, 8.05735e-05
0.000257331, 8.07431e-05
0.000257789, 8.09136e-05
0.000258249, 8.10849e-05
0.000258712, 8.12572e-05
0.000259178, 8.14303e-05
0.000259646, 8.16044e-05
0.000260118, 8.17794e-05
0.000260592, 8.19553e-05
0.000261069, 8.21322e-05
0.000261548, 8.231e-05
0.000262031, 8.24888e-05
0.000262516, 8.26686e-05
0.000263005, 8.28493e-05
0.000263496, 8.3031e-05
0.00026399, 8.32138e-05
0.000264488, 8.33975e-05
0.000264988, 8.35823e-05
0.000265492, 8.37681e-05
0.000265998, 8.3955e-05
0.000266508, 8.41429e-05
0.000267021, 8.43319e-05
0.000267537, 8.4522e-05
0.000268057, 8.47131e-05
0.000268579, 8.49054e-05
0.000269105, 8.50988e-05
0.000269635, 8.52933e-05
0.000270167, 8.54889e-05
0.000270703, 8.56857e-05
0.000271243, 8.58837e-05
0.000271786, 8.60828e-05
0.000272333, 8.62831e-05
0.000272883, 8.64846e-05
0.000273437, 8.66874e-05
0.000273994, 8.68913e-05
0.000274556, 8.70966e-05
0.000275121, 8.7303e-05
0.000275689, 8.75108e-05
0.000276262, 8.77198e-05
0.000276839, 8.79301e-05
0.000277419, 8.81418e-05
0.000278003, 8.83547e-05
0.000278592, 8.85691e-05
0.000279184, 8.87847e-05
0.000279781, 8.90018e-05
0.000280381, 8.92202e-05
0.000280986, 8.94401e-05
0.000281595, 8.96614e-05
0.000282209, 8.98841e-05
0.000282826, 9.01083e-05
0.000283449, 9.0334e-05
0.000284075, 9.05612e-05
0.000284707, 9.07898e-05
0.000285342, 9.10201e-05
0.000285983, 9.12518e-05
0.000286628, 9.14852e-05
0.000287277, 9.17201e-05
0.000287932, 9.19567e-05
0.000288592, 9.21948e-05
0.000289256, 9.24347e-05
0.000289925, 9.26762e-05
0.0002906, 9.29194e-05
0.000291279, 9.31643e-05
0.000291964, 9.34109e-05
0.000292654, 9.36593e-05
0.000293349, 9.39095e-05
0.00029405, 9.41615e-05
0.000294756, 9.44153e-05
0.000295468, 9.4671e-05
0.000296185, 9.49286e-05
0.000296908, 9.5188e-05
0.000297637, 9.54494e-05
0.000298371, 9.57128e-05
0.000299112, 9.59781e-05
0.000299858, 9.62455e-05
0.000300611, 9.65148e-05
0.000301369, 9.67863e-05
0.000302134, 9.70598e-05
0.000302905, 9.73355e-05
0.000303683, 9.76133e-05
0.000304467, 9.78933e-05
0.000305258, 9.81755e-05
0.000306056, 9.84599e-05
0.00030686, 9.87467e-05
0.000307671, 9.90357e-05
0.000308489, 9.93271e-05
0.000309315, 9.96208e-05
0.000310147, 9.9917e-05
0.000310987, 0.000100216
0.000311834, 0.000100517
0.000312689, 0.00010082
0.000313551, 0.000101127
0.000314421, 0.000101435
0.000315299, 0.000101747
0.000316185, 0.000102061
0.00031708, 0.000102378
0.000317982, 0.000102697
0.000318893, 0.00010302
0.000319812, 0.000103345
0.00032074, 0.000103673
0.000321677, 0.000104004
0.000322622, 0.000104338
0.000323577, 0.000104675
0.000324541, 0.000105016
0.000325515, 0.000105359
0.000326497, 0.000105705
0.00032749, 0.000106055
0.000328492, 0.000106408
0.000329505, 0.000106765
0.000330527, 0.000107125
0.00033156, 0.000107488
0.000332604, 0.000107855
0.000333658, 0.000108225
0.000334723, 0.000108599
0.000335799, 0.000108977
0.000336886, 0.000109358
0.000337985, 0.000109744
0.000339096, 0.000110133
0.000340219, 0.000110526
0.000341353, 0.000110924
0.0003425, 0.000111325
0.00034366, 0.000111731
0.000344832, 0.000112141
0.000346018, 0.000112555
0.000347216, 0.000112974
0.000348429, 0.000113397
0.000349655, 0.000113825
0.000350895, 0.000114258
0.000352149, 0.000114695
0.000353418, 0.000115137
0.000354702, 0.000115585
0.000356002, 0.000116037
0.000357317, 0.000116495
0.000358647, 0.000116958
0.000359994, 0.000117426
0.000361357, 0.0001179
0.000362737, 0.000118379
0.000364134, 0.000118864
0.000365549, 0.000119355
0.000366982, 0.000119852
0.000368433, 0.000120355
0.000369903, 0.000120865
0.000371392, 0.000121381
0.0003729, 0.000121903
0.000374428, 0.000122432
0.000375977, 0.000122968
0.000377547, 0.00012351
0.000379138, 0.00012406
0.00038075, 0.000124617
0.000382386, 0.000125182
0.000384044, 0.000125754
0.000385725, 0.000126335
0.000387431, 0.000126923
0.00038916, 0.000127519
0.000390916, 0.000128124
0.000392696, 0.000128737
0.000394504, 0.000129359
0.000396338, 0.000129991
0.0003982, 0.000130631
0.000400091, 0.000131281
0.000402011, 0.000131941
0.00040396, 0.000132611
0.000405941, 0.000133291
0.000407953, 0.000133981
0.000409998, 0.000134683
0.000412076, 0.000135395
0.000414188, 0.000136119
0.000416335, 0.000136855
0.000418518, 0.000137603
0.000420739, 0.000138363
0.000422998, 0.000139136
0.000425296, 0.000139923
0.000427635, 0.000140722
0.000430016, 0.000141536
0.00043244, 0.000142364
0.000434908, 0.000143207
0.000437422, 0.000144065
0.000439982, 0.000144939
0.000442592, 0.000145829
0.000445252, 0.000146736
0.000447963, 0.00014766
0.000450729, 0.000148602
0.000453549, 0.000149562
0.000456427, 0.000150542
0.000459363, 0.000151541
0.000462361, 0.000152561
0.000465423, 0.000153602
0.00046855, 0.000154665
0.000471745, 0.00015575
0.00047501, 0.000156859
0.000478349, 0.000157993
0.000481763, 0.000159151
0.000485256, 0.000160336
0.000488831, 0.000161549
0.000492491, 0.000162789
0.00049624, 0.000164059
0.00050008, 0.00016536
0.000504017, 0.000166693
0.000508053, 0.000168059
0.000512194, 0.00016946
0.000516443, 0.000170898
0.000520806, 0.000172373
0.000525287, 0.000173888
0.000529893, 0.000175444
0.000534628, 0.000177043
0.0005395, 0.000178688
0.000544514, 0.00018038
0.000549678, 0.000182122
0.000554998, 0.000183917
0.000560485, 0.000185767
0.000566144, 0.000187675
0.000571987, 0.000189643
0.000578023, 0.000191677
0.000584263, 0.000193778
0.000590718, 0.000195951
0.000597401, 0.0001982
0.000604325, 0.000200529
0.000611505, 0.000202944
0.000618957, 0.000205449
0.000626698, 0.000208051
0.000634747, 0.000210755
0.000643125, 0.000213569
0.000651853, 0.0002165
0.000660957, 0.000219556
0.000670464, 0.000222746
0.000680403, 0.000226081
0.000690808, 0.000229571
0.000701715, 0.000233228
0.000713165, 0.000237066
0.000725203, 0.0002411
0.000737879, 0.000245347
0.00075125, 0.000249826
0.00076538, 0.000254557
0.000780341, 0.000259566
0.000796215, 0.000264879
0.000813094, 0.000270527
0.000831086, 0.000276546
0.000850311, 0.000282976
0.000870913, 0.000289864
0.000893055, 0.000297267
0.000916929, 0.000305246
0.000942761, 0.000313878
0.000970819, 0.000323252
0.00100142, 0.000333475
0.00103496, 0.000344674
0.00107189, 0.000357005
0.00111279, 0.00037066
0.00115837, 0.000385874
0.00120952, 0.000402945
0.00126738, 0.000422251
0.0013334, 0.000444277
0.0014095, 0.000469663
0.00149823, 0.00049926
0.00160309, 0.000534231
0.00172894, 0.000576201
0.00188279, 0.000627501
0.002075, 0.000691588
0.00232153, 0.000773779
0.00264803, 0.000882626
0.00309799, 0.00103262
0.00374999, 0.00124997
0.00475786, 0.00158593
0.00645517, 0.0021517
0.0096808, 0.00322689
0.0161321, 0.0053772
0.0290346, 0.00967742
0.0496874, 0.0165587
0.0768268, 0.0255949
0.109161, 0.036346
0.145695, 0.0484659
0.185545, 0.0616418
0.227918, 0.0755878
0.272151, 0.0900595
0.317722, 0.104859
0.364236, 0.119829
0.411401, 0.134852
0.459004, 0.149832
0.506892, 0.164697
0.554953, 0.179389
0.603106, 0.193862
0.651292, 0.208077
0.699468, 0.222001
0.747601, 0.235607
0.795666, 0.248871
0.843646, 0.261772
0.891528, 0.27429
0.939302, 0.286411
0.986962, 0.298118
1.0345, 0.3094
1.08192, 0.320243
1.12922, 0.330639
1.1764, 0.340577
1.22345, 0.350049
1.27039, 0.359049
1.31722, 0.36757
1.36394, 0.375607
1.41056, 0.383155
1.45708, 0.390209
1.50351, 0.396768
1.54986, 0.402827
1.59613, 0.408384
1.64233, 0.413439
1.68847, 0.417989
1.73456, 0.422034
1.78061, 0.425574
1.82661, 0.428608
1.87259, 0.431137
1.91856, 0.433162
1.96451, 0.434684
2.01046, 0.435704
2.05642, 0.436224
2.10239, 0.436245
2.1484, 0.435772
2.19444, 0.434805
2.24052, 0.433349
2.28666, 0.431406
2.33287, 0.42898
2.37914, 0.426076
2.4255, 0.422697
2.47196, 0.418848
2.51851, 0.414534
2.56518, 0.409761
2.61196, 0.404534
2.65888, 0.39886
2.70594, 0.392745
2.75314, 0.386197
2.8005, 0.379222
2.84803, 0.37183
2.89573, 0.364029
2.94362, 0.355828
2.9917, 0.347237
3.03998, 0.338266
3.08846, 0.328927
3.13716, 0.319232
3.18608, 0.309194
3.23522, 0.298825
3.28459, 0.288142
3.3342, 0.277159
3.38405, 0.265892
3.43413, 0.25436
3.48446, 0.24258
3.53503, 0.230572
3.58583, 0.218358
3.63687, 0.205958
3.68814, 0.193396
3.73963, 0.180695
3.79133, 0.167882
3.84324, 0.154982
3.89534, 0.142022
3.94761, 0.12903
4.00005, 0.116035
4.05262, 0.103066
4.10532, 0.0901527
4.15813, 0.0773239
4.21101, 0.0646096
4.26395, 0.0520389
4.31693, 0.0396405
4.36991, 0.0274421
4.42289, 0.0154707
4.47583, 0.00375156
4.52872, -0.00769107
4.58154, -0.0188347
4.63426, -0.0296586
4.68688, -0.0401437
4.73938, -0.0502729
4.79174, -0.0600308
4.84396, -0.069404
4.89604, -0.0783809
4.94796, -0.0869512
4.99973, -0.0951068
5.05135, -0.102841
5.10282, -0.110147
5.15415, -0.117022
5.20534, -0.123461
5.25639, -0.129464
5.30733, -0.135028
5.35816, -0.140153
5.40889, -0.14484
5.45953, -0.149088
5.51011, -0.152899
5.56062, -0.156275
5.6111, -0.159218
5.66154, -0.161731
5.71198, -0.163816
5.76242, -0.165476
5.81288, -0.166716
5.86337, -0.167539
5.91392, -0.167949
5.96454, -0.16795
6.01525, -0.167548
6.06606, -0.166746
6.11699, -0.16555
6.16806, -0.163966
6.21929, -0.161999
6.27069, -0.159656
6.32228, -0.156942
6.37409, -0.153866
6.42611, -0.150434
6.47839, -0.146654
6.53092, -0.142535
6.58374, -0.138085
6.63686, -0.133313
6.69029, -0.128229
6.74406, -0.122845
6.79818, -0.117171
6.85267, -0.11122
6.90755, -0.105004
6.96284, -0.098537
7.01854, -0.0918344
7.07468, -0.0849117
7.13127, -0.0777859
7.18832, -0.0704752
7.24584, -0.0629988
7.30385, -0.0553774
7.36235, -0.047633
7.42134, -0.0397889
7.48084, -0.0318697
7.54083, -0.0239017
7.60131, -0.0159121
7.66229, -0.00792947
7.72373, 1.63402e-05
7.78565, 0.0078947
7.848, 0.0156742
7.91077, 0.0233228
7.97394, 0.0308086
8.03747, 0.0380994
8.10133, 0.0451637
8.1655, 0.0519711
8.22992, 0.0584919
8.29457, 0.0646984
8.35941, 0.0705646
8.42441, 0.0760669
8.48953, 0.0811838
8.55474, 0.0858965
8.62002, 0.0901889
8.68534, 0.0940474
8.75068, 0.0974612
8.81602, 0.100422
8.88137, 0.102924
8.9467, 0.104963
9.01202, 0.106539
9.07733, 0.107651
9.14263, 0.108301
9.20794, 0.108495
9.27327, 0.108236
9.33864, 0.107532
9.40405, 0.106391
9.46954, 0.104821
9.53512, 0.102833
9.60082, 0.100437
9.66667, 0.0976451
9.73269, 0.0944707
9.79891, 0.0909271
9.86535, 0.0870289
9.93206, 0.0827917
9.99906, 0.078232
10.0664, 0.0733674
10.134, 0.0682164
10.2021, 0.0627987
10.2705, 0.0571355
10.3394, 0.0512488
10.4087, 0.0451624
10.4785, 0.0389012
10.5488, 0.0324919
10.6196, 0.0259626
10.691, 0.0193429
10.7629, 0.012664
10.8354, 0.00595886
10.9084, -0.000738375
10.982, -0.00739212
11.0561, -0.0139657
11.1307, -0.0204216
11.2059, -0.0267218
11.2815, -0.0328283
11.3576, -0.0387031
11.4341, -0.0443096
11.5109, -0.0496121
11.5881, -0.0545771
11.6656, -0.0591736
11.7433, -0.0633733
11.8212, -0.0671512
11.8992, -0.070486
11.9773, -0.0733599
12.0556, -0.075759
12.1338, -0.0776734
12.2121, -0.0790965
12.2905, -0.0800254
12.3688, -0.0804606
12.4471, -0.0804054
12.5255, -0.079866
12.6038, -0.0788512
12.6823, -0.0773719
12.7608, -0.0754414
12.8393, -0.0730744
12.918, -0.0702879
12.9969, -0.0671002
13.076, -0.0635312
13.1553, -0.0596026
13.2348, -0.0553372
13.3147, -0.0507597
13.3949, -0.0458963
13.4755, -0.0407745
13.5566, -0.035424
13.6381, -0.0298758
13.7201, -0.024163
13.8027, -0.0183202
13.8858, -0.0123841
13.9695, -0.00639327
14.0537, -0.000387723
14.1386, 0.00559074
14.2241, 0.011499
14.3101, 0.0172931
14.3968, 0.0229281
14.484, 0.0283593
14.5717, 0.0335424
14.6598, 0.0384344
14.7485, 0.0429942
14.8374, 0.0471832
14.9268, 0.0509663
15, 0.0537355


0, 0
0.125, 0.000651042
0.242489, 0.00475285
0.358485, 0.0153564
0.475799, 0.0359045
0.596131, 0.0706163
0.720779, 0.12482
0.850895, 0.205356
0.987593, 0.32108
1.132, 0.483523
1.28528, 0.707736
1.44866, 1.0134
1.62347, 1.42629
1.81112, 1.98025
2.01319, 2.71976
2.23141, 3.70352
2.46771, 5.00913
2.72427, 6.73953
3.00353, 9.03183
3.30827, 12.0693
3.64162, 16.0977
4.00718, 21.4484
4.40903, 28.5698
4.85185, 38.0715
5, 41.6667
